0 0.004716
1 0.004716
2 0.004716
3 0.004716
4 0.004716
5 0.0027892
6 0.0027892
7 0.0027892
8 0.0027892
9 0.0027892
10 0.0012678
11 0.0012678
12 0.0012678
13 0.0012678
14 0.0012678
15 0.0009308
16 0.0009308
17 0.0009308
18 0.0009308
19 0.0009308
20 0.0008
21 0.0008
22 0.0008
23 0.0008
24 0.0008
25 0.0006818
26 0.0006818
27 0.0006818
28 0.0006818
29 0.0006818
30 0.0005922
31 0.0005922
32 0.0005922
33 0.0005922
34 0.0005922
35 0.0005204
36 0.0005204
37 0.0005204
38 0.0005204
39 0.0005204
40 0.0004876
41 0.0004876
42 0.0004876
43 0.0004876
44 0.0004876
45 0.0004356
46 0.0004356
47 0.0004356
48 0.0004356
49 0.0004356
50 0.0003866
51 0.0003866
52 0.0003866
53 0.0003866
54 0.0003866
55 0.0003764
56 0.0003764
57 0.0003764
58 0.0003764
59 0.0003764
60 0.0003746
61 0.0003746
62 0.0003746
63 0.0003746
64 0.0003746
65 0.000337
66 0.000337
67 0.000337
68 0.000337
69 0.000337
70 0.000334
71 0.000334
72 0.000334
73 0.000334
74 0.000334
75 0.0002624
76 0.0002624
77 0.0002624
78 0.0002624
79 0.0002624
80 0.0003078
81 0.0003078
82 0.0003078
83 0.0003078
84 0.0003078
85 0.0002646
86 0.0002646
87 0.0002646
88 0.0002646
89 0.0002646
90 0.000248
91 0.000248
92 0.000248
93 0.000248
94 0.000248
95 0.000224
96 0.000224
97 0.000224
98 0.000224
99 0.000224
100 0.0002564
101 0.0002564
102 0.0002564
103 0.0002564
104 0.0002564
105 0.000218
106 0.000218
107 0.000218
108 0.000218
109 0.000218
110 0.0001972
111 0.0001972
112 0.0001972
113 0.0001972
114 0.0001972
115 0.0002276
116 0.0002276
117 0.0002276
118 0.0002276
119 0.0002276
120 0.000214
121 0.000214
122 0.000214
123 0.000214
124 0.000214
125 0.000208
126 0.000208
127 0.000208
128 0.000208
129 0.000208
130 0.0001942
131 0.0001942
132 0.0001942
133 0.0001942
134 0.0001942
135 0.0001876
136 0.0001876
137 0.0001876
138 0.0001876
139 0.0001876
140 0.0001768
141 0.0001768
142 0.0001768
143 0.0001768
144 0.0001768
145 0.000175
146 0.000175
147 0.000175
148 0.000175
149 0.000175
150 0.000159
151 0.000159
152 0.000159
153 0.000159
154 0.000159
155 0.0001672
156 0.0001672
157 0.0001672
158 0.0001672
159 0.0001672
160 0.0001632
161 0.0001632
162 0.0001632
163 0.0001632
164 0.0001632
165 0.000144
166 0.000144
167 0.000144
168 0.000144
169 0.000144
170 0.0001602
171 0.0001602
172 0.0001602
173 0.0001602
174 0.0001602
175 0.0001614
176 0.0001614
177 0.0001614
178 0.0001614
179 0.0001614
180 0.000138
181 0.000138
182 0.000138
183 0.000138
184 0.000138
185 0.000144
186 0.000144
187 0.000144
188 0.000144
189 0.000144
190 0.0001488
191 0.0001488
192 0.0001488
193 0.0001488
194 0.0001488
195 0.00015
196 0.00015
197 0.00015
198 0.00015
199 0.00015
200 0.0001476
201 0.0001476
202 0.0001476
203 0.0001476
204 0.0001476
205 0.0001284
206 0.0001284
207 0.0001284
208 0.0001284
209 0.0001284
210 0.0001356
211 0.0001356
212 0.0001356
213 0.0001356
214 0.0001356
215 0.0001392
216 0.0001392
217 0.0001392
218 0.0001392
219 0.0001392
220 0.0001392
221 0.0001392
222 0.0001392
223 0.0001392
224 0.0001392
225 0.000132
226 0.000132
227 0.000132
228 0.000132
229 0.000132
230 0.0001166
231 0.0001166
232 0.0001166
233 0.0001166
234 0.0001166
235 0.0001338
236 0.0001338
237 0.0001338
238 0.0001338
239 0.0001338
240 0.000129
241 0.000129
242 0.000129
243 0.000129
244 0.000129
245 0.0001034
246 0.0001034
247 0.0001034
248 0.0001034
249 0.0001034
250 0.0001242
251 0.0001242
252 0.0001242
253 0.0001242
254 0.0001242
255 0.0001154
256 0.0001154
257 0.0001154
258 0.0001154
259 0.0001154
260 0.00012
261 0.00012
262 0.00012
263 0.00012
264 0.00012
265 0.0001194
266 0.0001194
267 0.0001194
268 0.0001194
269 0.0001194
270 0.0001166
271 0.0001166
272 0.0001166
273 0.0001166
274 0.0001166
275 0.0001338
276 0.0001338
277 0.0001338
278 0.0001338
279 0.0001338
280 0.0001172
281 0.0001172
282 0.0001172
283 0.0001172
284 0.0001172
285 0.0001124
286 0.0001124
287 0.0001124
288 0.0001124
289 0.0001124
290 0.000116
291 0.000116
292 0.000116
293 0.000116
294 0.000116
295 0.0001106
296 0.0001106
297 0.0001106
298 0.0001106
299 0.0001106
300 0.0001052
301 0.0001052
302 0.0001052
303 0.0001052
304 0.0001052
305 0.0001034
306 0.0001034
307 0.0001034
308 0.0001034
309 0.0001034
310 0.000116
311 0.000116
312 0.000116
313 0.000116
314 0.000116
315 0.0001004
316 0.0001004
317 0.0001004
318 0.0001004
319 0.0001004
320 9.74e-05
321 9.74e-05
322 9.74e-05
323 9.74e-05
324 9.74e-05
325 8.84e-05
326 8.84e-05
327 8.84e-05
328 8.84e-05
329 8.84e-05
330 9.56e-05
331 9.56e-05
332 9.56e-05
333 9.56e-05
334 9.56e-05
335 9.14e-05
336 9.14e-05
337 9.14e-05
338 9.14e-05
339 9.14e-05
340 8.06e-05
341 8.06e-05
342 8.06e-05
343 8.06e-05
344 8.06e-05
345 9.5e-05
346 9.5e-05
347 9.5e-05
348 9.5e-05
349 9.5e-05
350 8.54e-05
351 8.54e-05
352 8.54e-05
353 8.54e-05
354 8.54e-05
355 8.9e-05
356 8.9e-05
357 8.9e-05
358 8.9e-05
359 8.9e-05
360 0.0001052
361 0.0001052
362 0.0001052
363 0.0001052
364 0.0001052
365 9.2e-05
366 9.2e-05
367 9.2e-05
368 9.2e-05
369 9.2e-05
370 9.56e-05
371 9.56e-05
372 9.56e-05
373 9.56e-05
374 9.56e-05
375 9.2e-05
376 9.2e-05
377 9.2e-05
378 9.2e-05
379 9.2e-05
380 8.78e-05
381 8.78e-05
382 8.78e-05
383 8.78e-05
384 8.78e-05
385 8.42e-05
386 8.42e-05
387 8.42e-05
388 8.42e-05
389 8.42e-05
390 8.72e-05
391 8.72e-05
392 8.72e-05
393 8.72e-05
394 8.72e-05
395 9.92e-05
396 9.92e-05
397 9.92e-05
398 9.92e-05
399 9.92e-05
400 8.9e-05
401 8.9e-05
402 8.9e-05
403 8.9e-05
404 8.9e-05
405 7.46e-05
406 7.46e-05
407 7.46e-05
408 7.46e-05
409 7.46e-05
410 8.96e-05
411 8.96e-05
412 8.96e-05
413 8.96e-05
414 8.96e-05
415 8.42e-05
416 8.42e-05
417 8.42e-05
418 8.42e-05
419 8.42e-05
420 9.02e-05
421 9.02e-05
422 9.02e-05
423 9.02e-05
424 9.02e-05
425 9.02e-05
426 9.02e-05
427 9.02e-05
428 9.02e-05
429 9.02e-05
430 8.72e-05
431 8.72e-05
432 8.72e-05
433 8.72e-05
434 8.72e-05
435 8.78e-05
436 8.78e-05
437 8.78e-05
438 8.78e-05
439 8.78e-05
440 7.46e-05
441 7.46e-05
442 7.46e-05
443 7.46e-05
444 7.46e-05
445 6.64e-05
446 6.64e-05
447 6.64e-05
448 6.64e-05
449 6.64e-05
450 7.64e-05
451 7.64e-05
452 7.64e-05
453 7.64e-05
454 7.64e-05
455 8.18e-05
456 8.18e-05
457 8.18e-05
458 8.18e-05
459 8.18e-05
460 7.34e-05
461 7.34e-05
462 7.34e-05
463 7.34e-05
464 7.34e-05
465 7.28e-05
466 7.28e-05
467 7.28e-05
468 7.28e-05
469 7.28e-05
470 8.3e-05
471 8.3e-05
472 8.3e-05
473 8.3e-05
474 8.3e-05
475 6.4e-05
476 6.4e-05
477 6.4e-05
478 6.4e-05
479 6.4e-05
480 7.28e-05
481 7.28e-05
482 7.28e-05
483 7.28e-05
484 7.28e-05
485 8.24e-05
486 8.24e-05
487 8.24e-05
488 8.24e-05
489 8.24e-05
490 6.64e-05
491 6.64e-05
492 6.64e-05
493 6.64e-05
494 6.64e-05
495 7.58e-05
496 7.58e-05
497 7.58e-05
498 7.58e-05
499 7.58e-05
500 7.64e-05
501 7.64e-05
502 7.64e-05
503 7.64e-05
504 7.64e-05
505 7.64e-05
506 7.64e-05
507 7.64e-05
508 7.64e-05
509 7.64e-05
510 7.16e-05
511 7.16e-05
512 7.16e-05
513 7.16e-05
514 7.16e-05
515 7.34e-05
516 7.34e-05
517 7.34e-05
518 7.34e-05
519 7.34e-05
520 6.7e-05
521 6.7e-05
522 6.7e-05
523 6.7e-05
524 6.7e-05
525 7.28e-05
526 7.28e-05
527 7.28e-05
528 7.28e-05
529 7.28e-05
530 8.24e-05
531 8.24e-05
532 8.24e-05
533 8.24e-05
534 8.24e-05
535 6.64e-05
536 6.64e-05
537 6.64e-05
538 6.64e-05
539 6.64e-05
540 7.28e-05
541 7.28e-05
542 7.28e-05
543 7.28e-05
544 7.28e-05
545 6.16e-05
546 6.16e-05
547 6.16e-05
548 6.16e-05
549 6.16e-05
550 7e-05
551 7e-05
552 7e-05
553 7e-05
554 7e-05
555 7.58e-05
556 7.58e-05
557 7.58e-05
558 7.58e-05
559 7.58e-05
560 6.76e-05
561 6.76e-05
562 6.76e-05
563 6.76e-05
564 6.76e-05
565 7.12e-05
566 7.12e-05
567 7.12e-05
568 7.12e-05
569 7.12e-05
570 6.28e-05
571 6.28e-05
572 6.28e-05
573 6.28e-05
574 6.28e-05
575 7.4e-05
576 7.4e-05
577 7.4e-05
578 7.4e-05
579 7.4e-05
580 6.52e-05
581 6.52e-05
582 6.52e-05
583 6.52e-05
584 6.52e-05
585 5.8e-05
586 5.8e-05
587 5.8e-05
588 5.8e-05
589 5.8e-05
590 6.76e-05
591 6.76e-05
592 6.76e-05
593 6.76e-05
594 6.76e-05
595 5.98e-05
596 5.98e-05
597 5.98e-05
598 5.98e-05
599 5.98e-05
600 6.34e-05
601 6.34e-05
602 6.34e-05
603 6.34e-05
604 6.34e-05
605 5.62e-05
606 5.62e-05
607 5.62e-05
608 5.62e-05
609 5.62e-05
610 5.92e-05
611 5.92e-05
612 5.92e-05
613 5.92e-05
614 5.92e-05
615 6.04e-05
616 6.04e-05
617 6.04e-05
618 6.04e-05
619 6.04e-05
620 6.82e-05
621 6.82e-05
622 6.82e-05
623 6.82e-05
624 6.82e-05
625 5.32e-05
626 5.32e-05
627 5.32e-05
628 5.32e-05
629 5.32e-05
630 6.46e-05
631 6.46e-05
632 6.46e-05
633 6.46e-05
634 6.46e-05
635 5.14e-05
636 5.14e-05
637 5.14e-05
638 5.14e-05
639 5.14e-05
640 6.22e-05
641 6.22e-05
642 6.22e-05
643 6.22e-05
644 6.22e-05
645 6.58e-05
646 6.58e-05
647 6.58e-05
648 6.58e-05
649 6.58e-05
650 7.88e-05
651 7.88e-05
652 7.88e-05
653 7.88e-05
654 7.88e-05
655 5.92e-05
656 5.92e-05
657 5.92e-05
658 5.92e-05
659 5.92e-05
660 7.28e-05
661 7.28e-05
662 7.28e-05
663 7.28e-05
664 7.28e-05
665 5.8e-05
666 5.8e-05
667 5.8e-05
668 5.8e-05
669 5.8e-05
670 6.4e-05
671 6.4e-05
672 6.4e-05
673 6.4e-05
674 6.4e-05
675 5.98e-05
676 5.98e-05
677 5.98e-05
678 5.98e-05
679 5.98e-05
680 6.4e-05
681 6.4e-05
682 6.4e-05
683 6.4e-05
684 6.4e-05
685 5.74e-05
686 5.74e-05
687 5.74e-05
688 5.74e-05
689 5.74e-05
690 6.52e-05
691 6.52e-05
692 6.52e-05
693 6.52e-05
694 6.52e-05
695 6.04e-05
696 6.04e-05
697 6.04e-05
698 6.04e-05
699 6.04e-05
700 5.44e-05
701 5.44e-05
702 5.44e-05
703 5.44e-05
704 5.44e-05
705 7.34e-05
706 7.34e-05
707 7.34e-05
708 7.34e-05
709 7.34e-05
710 5.44e-05
711 5.44e-05
712 5.44e-05
713 5.44e-05
714 5.44e-05
715 5.62e-05
716 5.62e-05
717 5.62e-05
718 5.62e-05
719 5.62e-05
720 5.02e-05
721 5.02e-05
722 5.02e-05
723 5.02e-05
724 5.02e-05
725 5.02e-05
726 5.02e-05
727 5.02e-05
728 5.02e-05
729 5.02e-05
730 6.94e-05
731 6.94e-05
732 6.94e-05
733 6.94e-05
734 6.94e-05
735 5.56e-05
736 5.56e-05
737 5.56e-05
738 5.56e-05
739 5.56e-05
740 4.96e-05
741 4.96e-05
742 4.96e-05
743 4.96e-05
744 4.96e-05
745 4.66e-05
746 4.66e-05
747 4.66e-05
748 4.66e-05
749 4.66e-05
750 5.56e-05
751 5.56e-05
752 5.56e-05
753 5.56e-05
754 5.56e-05
755 6.16e-05
756 6.16e-05
757 6.16e-05
758 6.16e-05
759 6.16e-05
760 6.34e-05
761 6.34e-05
762 6.34e-05
763 6.34e-05
764 6.34e-05
765 5.32e-05
766 5.32e-05
767 5.32e-05
768 5.32e-05
769 5.32e-05
770 5.44e-05
771 5.44e-05
772 5.44e-05
773 5.44e-05
774 5.44e-05
775 5.98e-05
776 5.98e-05
777 5.98e-05
778 5.98e-05
779 5.98e-05
780 5.26e-05
781 5.26e-05
782 5.26e-05
783 5.26e-05
784 5.26e-05
785 5.68e-05
786 5.68e-05
787 5.68e-05
788 5.68e-05
789 5.68e-05
790 5.2e-05
791 5.2e-05
792 5.2e-05
793 5.2e-05
794 5.2e-05
795 5.08e-05
796 5.08e-05
797 5.08e-05
798 5.08e-05
799 5.08e-05
800 5.26e-05
801 5.26e-05
802 5.26e-05
803 5.26e-05
804 5.26e-05
805 6.04e-05
806 6.04e-05
807 6.04e-05
808 6.04e-05
809 6.04e-05
810 4.54e-05
811 4.54e-05
812 4.54e-05
813 4.54e-05
814 4.54e-05
815 5.5e-05
816 5.5e-05
817 5.5e-05
818 5.5e-05
819 5.5e-05
820 3.88e-05
821 3.88e-05
822 3.88e-05
823 3.88e-05
824 3.88e-05
825 4.78e-05
826 4.78e-05
827 4.78e-05
828 4.78e-05
829 4.78e-05
830 4.84e-05
831 4.84e-05
832 4.84e-05
833 4.84e-05
834 4.84e-05
835 5.2e-05
836 5.2e-05
837 5.2e-05
838 5.2e-05
839 5.2e-05
840 4.24e-05
841 4.24e-05
842 4.24e-05
843 4.24e-05
844 4.24e-05
845 4.78e-05
846 4.78e-05
847 4.78e-05
848 4.78e-05
849 4.78e-05
850 5.86e-05
851 5.86e-05
852 5.86e-05
853 5.86e-05
854 5.86e-05
855 4.9e-05
856 4.9e-05
857 4.9e-05
858 4.9e-05
859 4.9e-05
860 5.2e-05
861 5.2e-05
862 5.2e-05
863 5.2e-05
864 5.2e-05
865 5.5e-05
866 5.5e-05
867 5.5e-05
868 5.5e-05
869 5.5e-05
870 4.36e-05
871 4.36e-05
872 4.36e-05
873 4.36e-05
874 4.36e-05
875 4.36e-05
876 4.36e-05
877 4.36e-05
878 4.36e-05
879 4.36e-05
880 4.84e-05
881 4.84e-05
882 4.84e-05
883 4.84e-05
884 4.84e-05
885 5.56e-05
886 5.56e-05
887 5.56e-05
888 5.56e-05
889 5.56e-05
890 6.04e-05
891 6.04e-05
892 6.04e-05
893 6.04e-05
894 6.04e-05
895 5.5e-05
896 5.5e-05
897 5.5e-05
898 5.5e-05
899 5.5e-05
900 4.24e-05
901 4.24e-05
902 4.24e-05
903 4.24e-05
904 4.24e-05
905 6.16e-05
906 6.16e-05
907 6.16e-05
908 6.16e-05
909 6.16e-05
910 4.06e-05
911 4.06e-05
912 4.06e-05
913 4.06e-05
914 4.06e-05
915 5.02e-05
916 5.02e-05
917 5.02e-05
918 5.02e-05
919 5.02e-05
920 4.96e-05
921 4.96e-05
922 4.96e-05
923 4.96e-05
924 4.96e-05
925 5.86e-05
926 5.86e-05
927 5.86e-05
928 5.86e-05
929 5.86e-05
930 4.84e-05
931 4.84e-05
932 4.84e-05
933 4.84e-05
934 4.84e-05
935 5.44e-05
936 5.44e-05
937 5.44e-05
938 5.44e-05
939 5.44e-05
940 4.3e-05
941 4.3e-05
942 4.3e-05
943 4.3e-05
944 4.3e-05
945 4.96e-05
946 4.96e-05
947 4.96e-05
948 4.96e-05
949 4.96e-05
950 4.6e-05
951 4.6e-05
952 4.6e-05
953 4.6e-05
954 4.6e-05
955 4.48e-05
956 4.48e-05
957 4.48e-05
958 4.48e-05
959 4.48e-05
960 5.32e-05
961 5.32e-05
962 5.32e-05
963 5.32e-05
964 5.32e-05
965 4.48e-05
966 4.48e-05
967 4.48e-05
968 4.48e-05
969 4.48e-05
970 4.3e-05
971 4.3e-05
972 4.3e-05
973 4.3e-05
974 4.3e-05
975 4.54e-05
976 4.54e-05
977 4.54e-05
978 4.54e-05
979 4.54e-05
980 4.36e-05
981 4.36e-05
982 4.36e-05
983 4.36e-05
984 4.36e-05
985 4.6e-05
986 4.6e-05
987 4.6e-05
988 4.6e-05
989 4.6e-05
990 5.14e-05
991 5.14e-05
992 5.14e-05
993 5.14e-05
994 5.14e-05
995 4.6e-05
996 4.6e-05
997 4.6e-05
998 4.6e-05
999 4.6e-05
1000 4.42e-05
1001 4.42e-05
1002 4.42e-05
1003 4.42e-05
1004 4.42e-05
1005 4.12e-05
1006 4.12e-05
1007 4.12e-05
1008 4.12e-05
1009 4.12e-05
1010 5.02e-05
1011 5.02e-05
1012 5.02e-05
1013 5.02e-05
1014 5.02e-05
1015 3.04e-05
1016 3.04e-05
1017 3.04e-05
1018 3.04e-05
1019 3.04e-05
1020 5.2e-05
1021 5.2e-05
1022 5.2e-05
1023 5.2e-05
1024 5.2e-05
1025 5.74e-05
1026 5.74e-05
1027 5.74e-05
1028 5.74e-05
1029 5.74e-05
1030 4.48e-05
1031 4.48e-05
1032 4.48e-05
1033 4.48e-05
1034 4.48e-05
1035 4.9e-05
1036 4.9e-05
1037 4.9e-05
1038 4.9e-05
1039 4.9e-05
1040 3.88e-05
1041 3.88e-05
1042 3.88e-05
1043 3.88e-05
1044 3.88e-05
1045 3.88e-05
1046 3.88e-05
1047 3.88e-05
1048 3.88e-05
1049 3.88e-05
1050 3.64e-05
1051 3.64e-05
1052 3.64e-05
1053 3.64e-05
1054 3.64e-05
1055 4.18e-05
1056 4.18e-05
1057 4.18e-05
1058 4.18e-05
1059 4.18e-05
1060 5.02e-05
1061 5.02e-05
1062 5.02e-05
1063 5.02e-05
1064 5.02e-05
1065 4.36e-05
1066 4.36e-05
1067 4.36e-05
1068 4.36e-05
1069 4.36e-05
1070 3.82e-05
1071 3.82e-05
1072 3.82e-05
1073 3.82e-05
1074 3.82e-05
1075 3.58e-05
1076 3.58e-05
1077 3.58e-05
1078 3.58e-05
1079 3.58e-05
1080 4.54e-05
1081 4.54e-05
1082 4.54e-05
1083 4.54e-05
1084 4.54e-05
1085 4.18e-05
1086 4.18e-05
1087 4.18e-05
1088 4.18e-05
1089 4.18e-05
1090 4.06e-05
1091 4.06e-05
1092 4.06e-05
1093 4.06e-05
1094 4.06e-05
1095 4.12e-05
1096 4.12e-05
1097 4.12e-05
1098 4.12e-05
1099 4.12e-05
1100 3.7e-05
1101 3.7e-05
1102 3.7e-05
1103 3.7e-05
1104 3.7e-05
1105 3.76e-05
1106 3.76e-05
1107 3.76e-05
1108 3.76e-05
1109 3.76e-05
1110 4.48e-05
1111 4.48e-05
1112 4.48e-05
1113 4.48e-05
1114 4.48e-05
1115 4.12e-05
1116 4.12e-05
1117 4.12e-05
1118 4.12e-05
1119 4.12e-05
1120 3.82e-05
1121 3.82e-05
1122 3.82e-05
1123 3.82e-05
1124 3.82e-05
1125 3.82e-05
1126 3.82e-05
1127 3.82e-05
1128 3.82e-05
1129 3.82e-05
1130 4e-05
1131 4e-05
1132 4e-05
1133 4e-05
1134 4e-05
1135 3.58e-05
1136 3.58e-05
1137 3.58e-05
1138 3.58e-05
1139 3.58e-05
1140 4.78e-05
1141 4.78e-05
1142 4.78e-05
1143 4.78e-05
1144 4.78e-05
1145 4e-05
1146 4e-05
1147 4e-05
1148 4e-05
1149 4e-05
1150 4.36e-05
1151 4.36e-05
1152 4.36e-05
1153 4.36e-05
1154 4.36e-05
1155 3.94e-05
1156 3.94e-05
1157 3.94e-05
1158 3.94e-05
1159 3.94e-05
1160 3.22e-05
1161 3.22e-05
1162 3.22e-05
1163 3.22e-05
1164 3.22e-05
1165 4.36e-05
1166 4.36e-05
1167 4.36e-05
1168 4.36e-05
1169 4.36e-05
1170 3.22e-05
1171 3.22e-05
1172 3.22e-05
1173 3.22e-05
1174 3.22e-05
1175 3.64e-05
1176 3.64e-05
1177 3.64e-05
1178 3.64e-05
1179 3.64e-05
1180 4.24e-05
1181 4.24e-05
1182 4.24e-05
1183 4.24e-05
1184 4.24e-05
1185 4.3e-05
1186 4.3e-05
1187 4.3e-05
1188 4.3e-05
1189 4.3e-05
1190 3.22e-05
1191 3.22e-05
1192 3.22e-05
1193 3.22e-05
1194 3.22e-05
1195 4.78e-05
1196 4.78e-05
1197 4.78e-05
1198 4.78e-05
1199 4.78e-05
1200 4.24e-05
1201 4.24e-05
1202 4.24e-05
1203 4.24e-05
1204 4.24e-05
1205 3.52e-05
1206 3.52e-05
1207 3.52e-05
1208 3.52e-05
1209 3.52e-05
1210 3.52e-05
1211 3.52e-05
1212 3.52e-05
1213 3.52e-05
1214 3.52e-05
1215 3.94e-05
1216 3.94e-05
1217 3.94e-05
1218 3.94e-05
1219 3.94e-05
1220 4.18e-05
1221 4.18e-05
1222 4.18e-05
1223 4.18e-05
1224 4.18e-05
1225 3.16e-05
1226 3.16e-05
1227 3.16e-05
1228 3.16e-05
1229 3.16e-05
1230 4.18e-05
1231 4.18e-05
1232 4.18e-05
1233 4.18e-05
1234 4.18e-05
1235 4.36e-05
1236 4.36e-05
1237 4.36e-05
1238 4.36e-05
1239 4.36e-05
1240 3.1e-05
1241 3.1e-05
1242 3.1e-05
1243 3.1e-05
1244 3.1e-05
1245 3.52e-05
1246 3.52e-05
1247 3.52e-05
1248 3.52e-05
1249 3.52e-05
1250 4e-05
1251 4e-05
1252 4e-05
1253 4e-05
1254 4e-05
1255 3.28e-05
1256 3.28e-05
1257 3.28e-05
1258 3.28e-05
1259 3.28e-05
1260 2.92e-05
1261 2.92e-05
1262 2.92e-05
1263 2.92e-05
1264 2.92e-05
1265 3.58e-05
1266 3.58e-05
1267 3.58e-05
1268 3.58e-05
1269 3.58e-05
1270 3.88e-05
1271 3.88e-05
1272 3.88e-05
1273 3.88e-05
1274 3.88e-05
1275 3.64e-05
1276 3.64e-05
1277 3.64e-05
1278 3.64e-05
1279 3.64e-05
1280 4e-05
1281 4e-05
1282 4e-05
1283 4e-05
1284 4e-05
1285 2.98e-05
1286 2.98e-05
1287 2.98e-05
1288 2.98e-05
1289 2.98e-05
1290 4.3e-05
1291 4.3e-05
1292 4.3e-05
1293 4.3e-05
1294 4.3e-05
1295 4.42e-05
1296 4.42e-05
1297 4.42e-05
1298 4.42e-05
1299 4.42e-05
1300 3.52e-05
1301 3.52e-05
1302 3.52e-05
1303 3.52e-05
1304 3.52e-05
1305 3.16e-05
1306 3.16e-05
1307 3.16e-05
1308 3.16e-05
1309 3.16e-05
1310 3.16e-05
1311 3.16e-05
1312 3.16e-05
1313 3.16e-05
1314 3.16e-05
1315 4.18e-05
1316 4.18e-05
1317 4.18e-05
1318 4.18e-05
1319 4.18e-05
1320 3.52e-05
1321 3.52e-05
1322 3.52e-05
1323 3.52e-05
1324 3.52e-05
1325 3.28e-05
1326 3.28e-05
1327 3.28e-05
1328 3.28e-05
1329 3.28e-05
1330 2.92e-05
1331 2.92e-05
1332 2.92e-05
1333 2.92e-05
1334 2.92e-05
1335 3.28e-05
1336 3.28e-05
1337 3.28e-05
1338 3.28e-05
1339 3.28e-05
1340 4.24e-05
1341 4.24e-05
1342 4.24e-05
1343 4.24e-05
1344 4.24e-05
1345 3.1e-05
1346 3.1e-05
1347 3.1e-05
1348 3.1e-05
1349 3.1e-05
1350 3.94e-05
1351 3.94e-05
1352 3.94e-05
1353 3.94e-05
1354 3.94e-05
1355 3.76e-05
1356 3.76e-05
1357 3.76e-05
1358 3.76e-05
1359 3.76e-05
1360 3.64e-05
1361 3.64e-05
1362 3.64e-05
1363 3.64e-05
1364 3.64e-05
1365 3.34e-05
1366 3.34e-05
1367 3.34e-05
1368 3.34e-05
1369 3.34e-05
1370 3.76e-05
1371 3.76e-05
1372 3.76e-05
1373 3.76e-05
1374 3.76e-05
1375 2.86e-05
1376 2.86e-05
1377 2.86e-05
1378 2.86e-05
1379 2.86e-05
1380 3.4e-05
1381 3.4e-05
1382 3.4e-05
1383 3.4e-05
1384 3.4e-05
1385 3.34e-05
1386 3.34e-05
1387 3.34e-05
1388 3.34e-05
1389 3.34e-05
1390 3.64e-05
1391 3.64e-05
1392 3.64e-05
1393 3.64e-05
1394 3.64e-05
1395 3.64e-05
1396 3.64e-05
1397 3.64e-05
1398 3.64e-05
1399 3.64e-05
1400 2.8e-05
1401 2.8e-05
1402 2.8e-05
1403 2.8e-05
1404 2.8e-05
1405 3.16e-05
1406 3.16e-05
1407 3.16e-05
1408 3.16e-05
1409 3.16e-05
1410 3.04e-05
1411 3.04e-05
1412 3.04e-05
1413 3.04e-05
1414 3.04e-05
1415 3.7e-05
1416 3.7e-05
1417 3.7e-05
1418 3.7e-05
1419 3.7e-05
1420 3.52e-05
1421 3.52e-05
1422 3.52e-05
1423 3.52e-05
1424 3.52e-05
1425 4e-05
1426 4e-05
1427 4e-05
1428 4e-05
1429 4e-05
1430 3.22e-05
1431 3.22e-05
1432 3.22e-05
1433 3.22e-05
1434 3.22e-05
1435 3.76e-05
1436 3.76e-05
1437 3.76e-05
1438 3.76e-05
1439 3.76e-05
1440 2.92e-05
1441 2.92e-05
1442 2.92e-05
1443 2.92e-05
1444 2.92e-05
1445 3.34e-05
1446 3.34e-05
1447 3.34e-05
1448 3.34e-05
1449 3.34e-05
1450 3.16e-05
1451 3.16e-05
1452 3.16e-05
1453 3.16e-05
1454 3.16e-05
1455 2.92e-05
1456 2.92e-05
1457 2.92e-05
1458 2.92e-05
1459 2.92e-05
1460 4.24e-05
1461 4.24e-05
1462 4.24e-05
1463 4.24e-05
1464 4.24e-05
1465 3.4e-05
1466 3.4e-05
1467 3.4e-05
1468 3.4e-05
1469 3.4e-05
1470 3.16e-05
1471 3.16e-05
1472 3.16e-05
1473 3.16e-05
1474 3.16e-05
1475 2.98e-05
1476 2.98e-05
1477 2.98e-05
1478 2.98e-05
1479 2.98e-05
1480 2.16e-05
1481 2.16e-05
1482 2.16e-05
1483 2.16e-05
1484 2.16e-05
1485 3.4e-05
1486 3.4e-05
1487 3.4e-05
1488 3.4e-05
1489 3.4e-05
1490 2.86e-05
1491 2.86e-05
1492 2.86e-05
1493 2.86e-05
1494 2.86e-05
1495 2.8e-05
1496 2.8e-05
1497 2.8e-05
1498 2.8e-05
1499 2.8e-05
1500 3.82e-05
1501 3.82e-05
1502 3.82e-05
1503 3.82e-05
1504 3.82e-05
1505 3.76e-05
1506 3.76e-05
1507 3.76e-05
1508 3.76e-05
1509 3.76e-05
1510 3.46e-05
1511 3.46e-05
1512 3.46e-05
1513 3.46e-05
1514 3.46e-05
1515 2.98e-05
1516 2.98e-05
1517 2.98e-05
1518 2.98e-05
1519 2.98e-05
1520 1.74e-05
1521 1.74e-05
1522 1.74e-05
1523 1.74e-05
1524 1.74e-05
1525 1.98e-05
1526 1.98e-05
1527 1.98e-05
1528 1.98e-05
1529 1.98e-05
1530 2.38e-05
1531 2.38e-05
1532 2.38e-05
1533 2.38e-05
1534 2.38e-05
1535 2.56e-05
1536 2.56e-05
1537 2.56e-05
1538 2.56e-05
1539 2.56e-05
1540 3.22e-05
1541 3.22e-05
1542 3.22e-05
1543 3.22e-05
1544 3.22e-05
1545 3.16e-05
1546 3.16e-05
1547 3.16e-05
1548 3.16e-05
1549 3.16e-05
1550 2.38e-05
1551 2.38e-05
1552 2.38e-05
1553 2.38e-05
1554 2.38e-05
1555 3.52e-05
1556 3.52e-05
1557 3.52e-05
1558 3.52e-05
1559 3.52e-05
1560 3.16e-05
1561 3.16e-05
1562 3.16e-05
1563 3.16e-05
1564 3.16e-05
1565 3.22e-05
1566 3.22e-05
1567 3.22e-05
1568 3.22e-05
1569 3.22e-05
1570 3.64e-05
1571 3.64e-05
1572 3.64e-05
1573 3.64e-05
1574 3.64e-05
1575 2.1e-05
1576 2.1e-05
1577 2.1e-05
1578 2.1e-05
1579 2.1e-05
1580 2.86e-05
1581 2.86e-05
1582 2.86e-05
1583 2.86e-05
1584 2.86e-05
1585 3.46e-05
1586 3.46e-05
1587 3.46e-05
1588 3.46e-05
1589 3.46e-05
1590 3.1e-05
1591 3.1e-05
1592 3.1e-05
1593 3.1e-05
1594 3.1e-05
1595 2.92e-05
1596 2.92e-05
1597 2.92e-05
1598 2.92e-05
1599 2.92e-05
1600 3.1e-05
1601 3.1e-05
1602 3.1e-05
1603 3.1e-05
1604 3.1e-05
1605 2.98e-05
1606 2.98e-05
1607 2.98e-05
1608 2.98e-05
1609 2.98e-05
1610 3.04e-05
1611 3.04e-05
1612 3.04e-05
1613 3.04e-05
1614 3.04e-05
1615 2.98e-05
1616 2.98e-05
1617 2.98e-05
1618 2.98e-05
1619 2.98e-05
1620 2.86e-05
1621 2.86e-05
1622 2.86e-05
1623 2.86e-05
1624 2.86e-05
1625 3.64e-05
1626 3.64e-05
1627 3.64e-05
1628 3.64e-05
1629 3.64e-05
1630 3.22e-05
1631 3.22e-05
1632 3.22e-05
1633 3.22e-05
1634 3.22e-05
1635 2.8e-05
1636 2.8e-05
1637 2.8e-05
1638 2.8e-05
1639 2.8e-05
1640 2.8e-05
1641 2.8e-05
1642 2.8e-05
1643 2.8e-05
1644 2.8e-05
1645 3.52e-05
1646 3.52e-05
1647 3.52e-05
1648 3.52e-05
1649 3.52e-05
1650 2.5e-05
1651 2.5e-05
1652 2.5e-05
1653 2.5e-05
1654 2.5e-05
1655 2.16e-05
1656 2.16e-05
1657 2.16e-05
1658 2.16e-05
1659 2.16e-05
1660 2.74e-05
1661 2.74e-05
1662 2.74e-05
1663 2.74e-05
1664 2.74e-05
1665 2.38e-05
1666 2.38e-05
1667 2.38e-05
1668 2.38e-05
1669 2.38e-05
1670 2.74e-05
1671 2.74e-05
1672 2.74e-05
1673 2.74e-05
1674 2.74e-05
1675 2.1e-05
1676 2.1e-05
1677 2.1e-05
1678 2.1e-05
1679 2.1e-05
1680 2.5e-05
1681 2.5e-05
1682 2.5e-05
1683 2.5e-05
1684 2.5e-05
1685 2.74e-05
1686 2.74e-05
1687 2.74e-05
1688 2.74e-05
1689 2.74e-05
1690 2.98e-05
1691 2.98e-05
1692 2.98e-05
1693 2.98e-05
1694 2.98e-05
1695 2.44e-05
1696 2.44e-05
1697 2.44e-05
1698 2.44e-05
1699 2.44e-05
1700 3.34e-05
1701 3.34e-05
1702 3.34e-05
1703 3.34e-05
1704 3.34e-05
1705 2.68e-05
1706 2.68e-05
1707 2.68e-05
1708 2.68e-05
1709 2.68e-05
1710 2.38e-05
1711 2.38e-05
1712 2.38e-05
1713 2.38e-05
1714 2.38e-05
1715 2.56e-05
1716 2.56e-05
1717 2.56e-05
1718 2.56e-05
1719 2.56e-05
1720 2.56e-05
1721 2.56e-05
1722 2.56e-05
1723 2.56e-05
1724 2.56e-05
1725 2.28e-05
1726 2.28e-05
1727 2.28e-05
1728 2.28e-05
1729 2.28e-05
1730 3.16e-05
1731 3.16e-05
1732 3.16e-05
1733 3.16e-05
1734 3.16e-05
1735 2.5e-05
1736 2.5e-05
1737 2.5e-05
1738 2.5e-05
1739 2.5e-05
1740 2.5e-05
1741 2.5e-05
1742 2.5e-05
1743 2.5e-05
1744 2.5e-05
1745 2.74e-05
1746 2.74e-05
1747 2.74e-05
1748 2.74e-05
1749 2.74e-05
1750 2.44e-05
1751 2.44e-05
1752 2.44e-05
1753 2.44e-05
1754 2.44e-05
1755 2.74e-05
1756 2.74e-05
1757 2.74e-05
1758 2.74e-05
1759 2.74e-05
1760 2.92e-05
1761 2.92e-05
1762 2.92e-05
1763 2.92e-05
1764 2.92e-05
1765 2.86e-05
1766 2.86e-05
1767 2.86e-05
1768 2.86e-05
1769 2.86e-05
1770 2.56e-05
1771 2.56e-05
1772 2.56e-05
1773 2.56e-05
1774 2.56e-05
1775 2.62e-05
1776 2.62e-05
1777 2.62e-05
1778 2.62e-05
1779 2.62e-05
1780 2.8e-05
1781 2.8e-05
1782 2.8e-05
1783 2.8e-05
1784 2.8e-05
1785 1.68e-05
1786 1.68e-05
1787 1.68e-05
1788 1.68e-05
1789 1.68e-05
1790 2.22e-05
1791 2.22e-05
1792 2.22e-05
1793 2.22e-05
1794 2.22e-05
1795 2.56e-05
1796 2.56e-05
1797 2.56e-05
1798 2.56e-05
1799 2.56e-05
1800 3.16e-05
1801 3.16e-05
1802 3.16e-05
1803 3.16e-05
1804 3.16e-05
1805 2.22e-05
1806 2.22e-05
1807 2.22e-05
1808 2.22e-05
1809 2.22e-05
1810 2.34e-05
1811 2.34e-05
1812 2.34e-05
1813 2.34e-05
1814 2.34e-05
1815 1.98e-05
1816 1.98e-05
1817 1.98e-05
1818 1.98e-05
1819 1.98e-05
1820 2.74e-05
1821 2.74e-05
1822 2.74e-05
1823 2.74e-05
1824 2.74e-05
1825 2.68e-05
1826 2.68e-05
1827 2.68e-05
1828 2.68e-05
1829 2.68e-05
1830 2.86e-05
1831 2.86e-05
1832 2.86e-05
1833 2.86e-05
1834 2.86e-05
1835 1.8e-05
1836 1.8e-05
1837 1.8e-05
1838 1.8e-05
1839 1.8e-05
1840 2.92e-05
1841 2.92e-05
1842 2.92e-05
1843 2.92e-05
1844 2.92e-05
1845 2.68e-05
1846 2.68e-05
1847 2.68e-05
1848 2.68e-05
1849 2.68e-05
1850 2.68e-05
1851 2.68e-05
1852 2.68e-05
1853 2.68e-05
1854 2.68e-05
1855 2.28e-05
1856 2.28e-05
1857 2.28e-05
1858 2.28e-05
1859 2.28e-05
1860 1.8e-05
1861 1.8e-05
1862 1.8e-05
1863 1.8e-05
1864 1.8e-05
1865 2.34e-05
1866 2.34e-05
1867 2.34e-05
1868 2.34e-05
1869 2.34e-05
1870 1.86e-05
1871 1.86e-05
1872 1.86e-05
1873 1.86e-05
1874 1.86e-05
1875 2.04e-05
1876 2.04e-05
1877 2.04e-05
1878 2.04e-05
1879 2.04e-05
1880 1.62e-05
1881 1.62e-05
1882 1.62e-05
1883 1.62e-05
1884 1.62e-05
1885 1.8e-05
1886 1.8e-05
1887 1.8e-05
1888 1.8e-05
1889 1.8e-05
1890 2.8e-05
1891 2.8e-05
1892 2.8e-05
1893 2.8e-05
1894 2.8e-05
1895 2.62e-05
1896 2.62e-05
1897 2.62e-05
1898 2.62e-05
1899 2.62e-05
1900 2.16e-05
1901 2.16e-05
1902 2.16e-05
1903 2.16e-05
1904 2.16e-05
1905 2.22e-05
1906 2.22e-05
1907 2.22e-05
1908 2.22e-05
1909 2.22e-05
1910 2.34e-05
1911 2.34e-05
1912 2.34e-05
1913 2.34e-05
1914 2.34e-05
1915 2.1e-05
1916 2.1e-05
1917 2.1e-05
1918 2.1e-05
1919 2.1e-05
1920 2.04e-05
1921 2.04e-05
1922 2.04e-05
1923 2.04e-05
1924 2.04e-05
1925 2.22e-05
1926 2.22e-05
1927 2.22e-05
1928 2.22e-05
1929 2.22e-05
1930 2.56e-05
1931 2.56e-05
1932 2.56e-05
1933 2.56e-05
1934 2.56e-05
1935 2.16e-05
1936 2.16e-05
1937 2.16e-05
1938 2.16e-05
1939 2.16e-05
1940 2.44e-05
1941 2.44e-05
1942 2.44e-05
1943 2.44e-05
1944 2.44e-05
1945 1.44e-05
1946 1.44e-05
1947 1.44e-05
1948 1.44e-05
1949 1.44e-05
1950 2.62e-05
1951 2.62e-05
1952 2.62e-05
1953 2.62e-05
1954 2.62e-05
1955 2.56e-05
1956 2.56e-05
1957 2.56e-05
1958 2.56e-05
1959 2.56e-05
1960 2.28e-05
1961 2.28e-05
1962 2.28e-05
1963 2.28e-05
1964 2.28e-05
1965 2.5e-05
1966 2.5e-05
1967 2.5e-05
1968 2.5e-05
1969 2.5e-05
1970 1.86e-05
1971 1.86e-05
1972 1.86e-05
1973 1.86e-05
1974 1.86e-05
1975 2.16e-05
1976 2.16e-05
1977 2.16e-05
1978 2.16e-05
1979 2.16e-05
1980 1.8e-05
1981 1.8e-05
1982 1.8e-05
1983 1.8e-05
1984 1.8e-05
1985 2.22e-05
1986 2.22e-05
1987 2.22e-05
1988 2.22e-05
1989 2.22e-05
1990 2.28e-05
1991 2.28e-05
1992 2.28e-05
1993 2.28e-05
1994 2.28e-05
1995 2.5e-05
1996 2.5e-05
1997 2.5e-05
1998 2.5e-05
1999 2.5e-05
2000 2.56e-05
2001 2.56e-05
2002 2.56e-05
2003 2.56e-05
2004 2.56e-05
2005 1.8e-05
2006 1.8e-05
2007 1.8e-05
2008 1.8e-05
2009 1.8e-05
2010 1.38e-05
2011 1.38e-05
2012 1.38e-05
2013 1.38e-05
2014 1.38e-05
2015 2.34e-05
2016 2.34e-05
2017 2.34e-05
2018 2.34e-05
2019 2.34e-05
2020 1.8e-05
2021 1.8e-05
2022 1.8e-05
2023 1.8e-05
2024 1.8e-05
2025 2.38e-05
2026 2.38e-05
2027 2.38e-05
2028 2.38e-05
2029 2.38e-05
2030 2.44e-05
2031 2.44e-05
2032 2.44e-05
2033 2.44e-05
2034 2.44e-05
2035 2.22e-05
2036 2.22e-05
2037 2.22e-05
2038 2.22e-05
2039 2.22e-05
2040 2.34e-05
2041 2.34e-05
2042 2.34e-05
2043 2.34e-05
2044 2.34e-05
2045 2.8e-05
2046 2.8e-05
2047 2.8e-05
2048 2.8e-05
2049 2.8e-05
2050 2.68e-05
2051 2.68e-05
2052 2.68e-05
2053 2.68e-05
2054 2.68e-05
2055 2.68e-05
2056 2.68e-05
2057 2.68e-05
2058 2.68e-05
2059 2.68e-05
2060 2.34e-05
2061 2.34e-05
2062 2.34e-05
2063 2.34e-05
2064 2.34e-05
2065 1.5e-05
2066 1.5e-05
2067 1.5e-05
2068 1.5e-05
2069 1.5e-05
2070 1.74e-05
2071 1.74e-05
2072 1.74e-05
2073 1.74e-05
2074 1.74e-05
2075 2.34e-05
2076 2.34e-05
2077 2.34e-05
2078 2.34e-05
2079 2.34e-05
2080 2.28e-05
2081 2.28e-05
2082 2.28e-05
2083 2.28e-05
2084 2.28e-05
2085 2.28e-05
2086 2.28e-05
2087 2.28e-05
2088 2.28e-05
2089 2.28e-05
2090 2.28e-05
2091 2.28e-05
2092 2.28e-05
2093 2.28e-05
2094 2.28e-05
2095 2.28e-05
2096 2.28e-05
2097 2.28e-05
2098 2.28e-05
2099 2.28e-05
2100 2.74e-05
2101 2.74e-05
2102 2.74e-05
2103 2.74e-05
2104 2.74e-05
2105 2.22e-05
2106 2.22e-05
2107 2.22e-05
2108 2.22e-05
2109 2.22e-05
2110 2.04e-05
2111 2.04e-05
2112 2.04e-05
2113 2.04e-05
2114 2.04e-05
2115 1.68e-05
2116 1.68e-05
2117 1.68e-05
2118 1.68e-05
2119 1.68e-05
2120 2.74e-05
2121 2.74e-05
2122 2.74e-05
2123 2.74e-05
2124 2.74e-05
2125 2.04e-05
2126 2.04e-05
2127 2.04e-05
2128 2.04e-05
2129 2.04e-05
2130 2.04e-05
2131 2.04e-05
2132 2.04e-05
2133 2.04e-05
2134 2.04e-05
2135 1.68e-05
2136 1.68e-05
2137 1.68e-05
2138 1.68e-05
2139 1.68e-05
2140 1.92e-05
2141 1.92e-05
2142 1.92e-05
2143 1.92e-05
2144 1.92e-05
2145 1.74e-05
2146 1.74e-05
2147 1.74e-05
2148 1.74e-05
2149 1.74e-05
2150 2.16e-05
2151 2.16e-05
2152 2.16e-05
2153 2.16e-05
2154 2.16e-05
2155 2.22e-05
2156 2.22e-05
2157 2.22e-05
2158 2.22e-05
2159 2.22e-05
2160 2.22e-05
2161 2.22e-05
2162 2.22e-05
2163 2.22e-05
2164 2.22e-05
2165 2.04e-05
2166 2.04e-05
2167 2.04e-05
2168 2.04e-05
2169 2.04e-05
2170 1.8e-05
2171 1.8e-05
2172 1.8e-05
2173 1.8e-05
2174 1.8e-05
2175 2.04e-05
2176 2.04e-05
2177 2.04e-05
2178 2.04e-05
2179 2.04e-05
2180 1.5e-05
2181 1.5e-05
2182 1.5e-05
2183 1.5e-05
2184 1.5e-05
2185 1.32e-05
2186 1.32e-05
2187 1.32e-05
2188 1.32e-05
2189 1.32e-05
2190 1.98e-05
2191 1.98e-05
2192 1.98e-05
2193 1.98e-05
2194 1.98e-05
2195 2.16e-05
2196 2.16e-05
2197 2.16e-05
2198 2.16e-05
2199 2.16e-05
2200 2.34e-05
2201 2.34e-05
2202 2.34e-05
2203 2.34e-05
2204 2.34e-05
2205 1.62e-05
2206 1.62e-05
2207 1.62e-05
2208 1.62e-05
2209 1.62e-05
2210 2.16e-05
2211 2.16e-05
2212 2.16e-05
2213 2.16e-05
2214 2.16e-05
2215 2.28e-05
2216 2.28e-05
2217 2.28e-05
2218 2.28e-05
2219 2.28e-05
2220 1.74e-05
2221 1.74e-05
2222 1.74e-05
2223 1.74e-05
2224 1.74e-05
2225 2.04e-05
2226 2.04e-05
2227 2.04e-05
2228 2.04e-05
2229 2.04e-05
2230 1.56e-05
2231 1.56e-05
2232 1.56e-05
2233 1.56e-05
2234 1.56e-05
2235 2.04e-05
2236 2.04e-05
2237 2.04e-05
2238 2.04e-05
2239 2.04e-05
2240 1.8e-05
2241 1.8e-05
2242 1.8e-05
2243 1.8e-05
2244 1.8e-05
2245 1.74e-05
2246 1.74e-05
2247 1.74e-05
2248 1.74e-05
2249 1.74e-05
2250 1.86e-05
2251 1.86e-05
2252 1.86e-05
2253 1.86e-05
2254 1.86e-05
2255 1.98e-05
2256 1.98e-05
2257 1.98e-05
2258 1.98e-05
2259 1.98e-05
2260 2.22e-05
2261 2.22e-05
2262 2.22e-05
2263 2.22e-05
2264 2.22e-05
2265 1.62e-05
2266 1.62e-05
2267 1.62e-05
2268 1.62e-05
2269 1.62e-05
2270 1.5e-05
2271 1.5e-05
2272 1.5e-05
2273 1.5e-05
2274 1.5e-05
2275 2.04e-05
2276 2.04e-05
2277 2.04e-05
2278 2.04e-05
2279 2.04e-05
2280 2.1e-05
2281 2.1e-05
2282 2.1e-05
2283 2.1e-05
2284 2.1e-05
2285 1.68e-05
2286 1.68e-05
2287 1.68e-05
2288 1.68e-05
2289 1.68e-05
2290 1.92e-05
2291 1.92e-05
2292 1.92e-05
2293 1.92e-05
2294 1.92e-05
2295 2.22e-05
2296 2.22e-05
2297 2.22e-05
2298 2.22e-05
2299 2.22e-05
2300 1.68e-05
2301 1.68e-05
2302 1.68e-05
2303 1.68e-05
2304 1.68e-05
2305 2.34e-05
2306 2.34e-05
2307 2.34e-05
2308 2.34e-05
2309 2.34e-05
2310 2.28e-05
2311 2.28e-05
2312 2.28e-05
2313 2.28e-05
2314 2.28e-05
2315 1.8e-05
2316 1.8e-05
2317 1.8e-05
2318 1.8e-05
2319 1.8e-05
2320 1.68e-05
2321 1.68e-05
2322 1.68e-05
2323 1.68e-05
2324 1.68e-05
2325 1.62e-05
2326 1.62e-05
2327 1.62e-05
2328 1.62e-05
2329 1.62e-05
2330 1.5e-05
2331 1.5e-05
2332 1.5e-05
2333 1.5e-05
2334 1.5e-05
2335 1.8e-05
2336 1.8e-05
2337 1.8e-05
2338 1.8e-05
2339 1.8e-05
2340 2.04e-05
2341 2.04e-05
2342 2.04e-05
2343 2.04e-05
2344 2.04e-05
2345 1.74e-05
2346 1.74e-05
2347 1.74e-05
2348 1.74e-05
2349 1.74e-05
2350 1.98e-05
2351 1.98e-05
2352 1.98e-05
2353 1.98e-05
2354 1.98e-05
2355 1.8e-05
2356 1.8e-05
2357 1.8e-05
2358 1.8e-05
2359 1.8e-05
2360 1.86e-05
2361 1.86e-05
2362 1.86e-05
2363 1.86e-05
2364 1.86e-05
2365 1.32e-05
2366 1.32e-05
2367 1.32e-05
2368 1.32e-05
2369 1.32e-05
2370 2.04e-05
2371 2.04e-05
2372 2.04e-05
2373 2.04e-05
2374 2.04e-05
2375 1.74e-05
2376 1.74e-05
2377 1.74e-05
2378 1.74e-05
2379 1.74e-05
2380 1.44e-05
2381 1.44e-05
2382 1.44e-05
2383 1.44e-05
2384 1.44e-05
2385 1.86e-05
2386 1.86e-05
2387 1.86e-05
2388 1.86e-05
2389 1.86e-05
2390 1.32e-05
2391 1.32e-05
2392 1.32e-05
2393 1.32e-05
2394 1.32e-05
2395 1.26e-05
2396 1.26e-05
2397 1.26e-05
2398 1.26e-05
2399 1.26e-05
2400 1.44e-05
2401 1.44e-05
2402 1.44e-05
2403 1.44e-05
2404 1.44e-05
2405 1.32e-05
2406 1.32e-05
2407 1.32e-05
2408 1.32e-05
2409 1.32e-05
2410 1.62e-05
2411 1.62e-05
2412 1.62e-05
2413 1.62e-05
2414 1.62e-05
2415 1.32e-05
2416 1.32e-05
2417 1.32e-05
2418 1.32e-05
2419 1.32e-05
2420 7.8e-06
2421 7.8e-06
2422 7.8e-06
2423 7.8e-06
2424 7.8e-06
2425 2.22e-05
2426 2.22e-05
2427 2.22e-05
2428 2.22e-05
2429 2.22e-05
2430 1.74e-05
2431 1.74e-05
2432 1.74e-05
2433 1.74e-05
2434 1.74e-05
2435 8.4e-06
2436 8.4e-06
2437 8.4e-06
2438 8.4e-06
2439 8.4e-06
2440 2.16e-05
2441 2.16e-05
2442 2.16e-05
2443 2.16e-05
2444 2.16e-05
2445 1.08e-05
2446 1.08e-05
2447 1.08e-05
2448 1.08e-05
2449 1.08e-05
2450 1.62e-05
2451 1.62e-05
2452 1.62e-05
2453 1.62e-05
2454 1.62e-05
2455 1.14e-05
2456 1.14e-05
2457 1.14e-05
2458 1.14e-05
2459 1.14e-05
2460 1.38e-05
2461 1.38e-05
2462 1.38e-05
2463 1.38e-05
2464 1.38e-05
2465 1.14e-05
2466 1.14e-05
2467 1.14e-05
2468 1.14e-05
2469 1.14e-05
2470 1.08e-05
2471 1.08e-05
2472 1.08e-05
2473 1.08e-05
2474 1.08e-05
2475 1.38e-05
2476 1.38e-05
2477 1.38e-05
2478 1.38e-05
2479 1.38e-05
2480 1.02e-05
2481 1.02e-05
2482 1.02e-05
2483 1.02e-05
2484 1.02e-05
2485 7.2e-06
2486 7.2e-06
2487 7.2e-06
2488 7.2e-06
2489 7.2e-06
2490 1.02e-05
2491 1.02e-05
2492 1.02e-05
2493 1.02e-05
2494 1.02e-05
2495 1.38e-05
2496 1.38e-05
2497 1.38e-05
2498 1.38e-05
2499 1.38e-05
2500 1.02e-05
2501 1.02e-05
2502 1.02e-05
2503 1.02e-05
2504 1.02e-05
2505 1.38e-05
2506 1.38e-05
2507 1.38e-05
2508 1.38e-05
2509 1.38e-05
2510 7.8e-06
2511 7.8e-06
2512 7.8e-06
2513 7.8e-06
2514 7.8e-06
2515 1.14e-05
2516 1.14e-05
2517 1.14e-05
2518 1.14e-05
2519 1.14e-05
2520 1.2e-05
2521 1.2e-05
2522 1.2e-05
2523 1.2e-05
2524 1.2e-05
2525 8.4e-06
2526 8.4e-06
2527 8.4e-06
2528 8.4e-06
2529 8.4e-06
2530 3.6e-06
2531 3.6e-06
2532 3.6e-06
2533 3.6e-06
2534 3.6e-06
2535 1.14e-05
2536 1.14e-05
2537 1.14e-05
2538 1.14e-05
2539 1.14e-05
2540 3.6e-06
2541 3.6e-06
2542 3.6e-06
2543 3.6e-06
2544 3.6e-06
2545 9e-06
2546 9e-06
2547 9e-06
2548 9e-06
2549 9e-06
2550 7.2e-06
2551 7.2e-06
2552 7.2e-06
2553 7.2e-06
2554 7.2e-06
2555 6.6e-06
2556 6.6e-06
2557 6.6e-06
2558 6.6e-06
2559 6.6e-06
2560 5.4e-06
2561 5.4e-06
2562 5.4e-06
2563 5.4e-06
2564 5.4e-06
2565 7.8e-06
2566 7.8e-06
2567 7.8e-06
2568 7.8e-06
2569 7.8e-06
2570 8.4e-06
2571 8.4e-06
2572 8.4e-06
2573 8.4e-06
2574 8.4e-06
2575 5.4e-06
2576 5.4e-06
2577 5.4e-06
2578 5.4e-06
2579 5.4e-06
2580 6e-06
2581 6e-06
2582 6e-06
2583 6e-06
2584 6e-06
2585 3e-06
2586 3e-06
2587 3e-06
2588 3e-06
2589 3e-06
2590 4.8e-06
2591 4.8e-06
2592 4.8e-06
2593 4.8e-06
2594 4.8e-06
2595 3e-06
2596 3e-06
2597 3e-06
2598 3e-06
2599 3e-06
2600 4.2e-06
2601 4.2e-06
2602 4.2e-06
2603 4.2e-06
2604 4.2e-06
2605 5.4e-06
2606 5.4e-06
2607 5.4e-06
2608 5.4e-06
2609 5.4e-06
2610 3e-06
2611 3e-06
2612 3e-06
2613 3e-06
2614 3e-06
2615 1.8e-06
2616 1.8e-06
2617 1.8e-06
2618 1.8e-06
2619 1.8e-06
2620 2.4e-06
2621 2.4e-06
2622 2.4e-06
2623 2.4e-06
2624 2.4e-06
2625 1.2e-06
2626 1.2e-06
2627 1.2e-06
2628 1.2e-06
2629 1.2e-06
2630 1.8e-06
2631 1.8e-06
2632 1.8e-06
2633 1.8e-06
2634 1.8e-06
2635 2.4e-06
2636 2.4e-06
2637 2.4e-06
2638 2.4e-06
2639 2.4e-06
2640 1.8e-06
2641 1.8e-06
2642 1.8e-06
2643 1.8e-06
2644 1.8e-06
2645 6e-07
2646 6e-07
2647 6e-07
2648 6e-07
2649 6e-07
2650 6e-07
2651 6e-07
2652 6e-07
2653 6e-07
2654 6e-07
2655 1.8e-06
2656 1.8e-06
2657 1.8e-06
2658 1.8e-06
2659 1.8e-06
2660 4.2e-06
2661 4.2e-06
2662 4.2e-06
2663 4.2e-06
2664 4.2e-06
2665 6e-07
2666 6e-07
2667 6e-07
2668 6e-07
2669 6e-07
2670 6e-07
2671 6e-07
2672 6e-07
2673 6e-07
2674 6e-07
2675 1.2e-06
2676 1.2e-06
2677 1.2e-06
2678 1.2e-06
2679 1.2e-06
2680 6e-07
2681 6e-07
2682 6e-07
2683 6e-07
2684 6e-07
2685 6e-07
2686 6e-07
2687 6e-07
2688 6e-07
2689 6e-07
2690 2.4e-06
2691 2.4e-06
2692 2.4e-06
2693 2.4e-06
2694 2.4e-06
2695 6e-07
2696 6e-07
2697 6e-07
2698 6e-07
2699 6e-07
2705 1.2e-06
2706 1.2e-06
2707 1.2e-06
2708 1.2e-06
2709 1.2e-06
2715 6e-07
2716 6e-07
2717 6e-07
2718 6e-07
2719 6e-07
2730 6e-07
2731 6e-07
2732 6e-07
2733 6e-07
2734 6e-07
2735 6e-07
2736 6e-07
2737 6e-07
2738 6e-07
2739 6e-07
2750 1.2e-06
2751 1.2e-06
2752 1.2e-06
2753 1.2e-06
2754 1.2e-06
2765 6e-07
2766 6e-07
2767 6e-07
2768 6e-07
2769 6e-07
2775 6e-07
2776 6e-07
2777 6e-07
2778 6e-07
2779 6e-07
2800 6e-07
2801 6e-07
2802 6e-07
2803 6e-07
2804 6e-07
