0 0.277121
1 0.0255979
2 0.0198222
3 0.0166403
4 0.0145051
5 0.0129338
6 0.0117123
7 0.0107273
8 0.0099117
9 0.00922271
10 0.00863134
11 0.00811718
12 0.00766535
13 0.00726467
14 0.00690659
15 0.0065844
16 0.0062928
17 0.00602747
18 0.00578492
19 0.00556226
20 0.00535707
21 0.00516732
22 0.00499129
23 0.00482751
24 0.00467472
25 0.00453183
26 0.00439788
27 0.00427205
28 0.0041536
29 0.0040419
30 0.00393637
31 0.00383651
32 0.00374187
33 0.00365203
34 0.00356665
35 0.00348538
36 0.00340794
37 0.00333406
38 0.00326349
39 0.00319602
40 0.00313143
41 0.00306956
42 0.00301022
43 0.00295327
44 0.00289855
45 0.00284595
46 0.00279534
47 0.0027466
48 0.00269963
49 0.00265434
50 0.00261064
51 0.00256844
52 0.00252767
53 0.00248826
54 0.00245013
55 0.00241323
56 0.00237749
57 0.00234287
58 0.0023093
59 0.00227675
60 0.00224516
61 0.00221449
62 0.00218471
63 0.00215577
64 0.00212764
65 0.00210028
66 0.00207367
67 0.00204777
68 0.00202255
69 0.00199799
70 0.00197406
71 0.00195074
72 0.001928
73 0.00190583
74 0.0018842
75 0.00186308
76 0.00184247
77 0.00182235
78 0.00180269
79 0.00178348
80 0.00176471
81 0.00174636
82 0.00172842
83 0.00171087
84 0.0016937
85 0.0016769
86 0.00166045
87 0.00164435
88 0.00162858
89 0.00161314
90 0.00159801
91 0.00158318
92 0.00156865
93 0.0015544
94 0.00154043
95 0.00152674
96 0.0015133
97 0.00150011
98 0.00148717
99 0.00147448
100 0.00146201
101 0.00144977
102 0.00143776
103 0.00142595
104 0.00141436
105 0.00140297
106 0.00139177
107 0.00138077
108 0.00136996
109 0.00135933
110 0.00134887
111 0.00133859
112 0.00132848
113 0.00131854
114 0.00130875
115 0.00129913
116 0.00128965
117 0.00128033
118 0.00127115
119 0.00126211
120 0.00125322
121 0.00124446
122 0.00123583
123 0.00122733
124 0.00121896
125 0.00121071
126 0.00120258
127 0.00119458
128 0.00118668
129 0.00117891
130 0.00117124
131 0.00116368
132 0.00115622
133 0.00114888
134 0.00114163
135 0.00113448
136 0.00112743
137 0.00112047
138 0.00111361
139 0.00110684
140 0.00110016
141 0.00109357
142 0.00108706
143 0.00108064
144 0.0010743
145 0.00106804
146 0.00106187
147 0.00105576
148 0.00104974
149 0.00104379
150 0.00103792
151 0.00103212
152 0.00102638
153 0.00102072
154 0.00101513
155 0.0010096
156 0.00100414
157 0.000998747
158 0.000993415
159 0.000988145
160 0.000982937
161 0.000977789
162 0.0009727
163 0.000967669
164 0.000962695
165 0.000957777
166 0.000952914
167 0.000948106
168 0.00094335
169 0.000938648
170 0.000933996
171 0.000929396
172 0.000924845
173 0.000920343
174 0.00091589
175 0.000911483
176 0.000907124
177 0.00090281
178 0.000898542
179 0.000894317
180 0.000890137
181 0.000886
182 0.000881905
183 0.000877851
184 0.000873839
185 0.000869867
186 0.000865935
187 0.000862042
188 0.000858188
189 0.000854372
190 0.000850593
191 0.000846851
192 0.000843145
193 0.000839475
194 0.000835841
195 0.000832241
196 0.000828675
197 0.000825144
198 0.000821645
199 0.000818179
200 0.000814745
201 0.000811344
202 0.000807973
203 0.000804634
204 0.000801325
205 0.000798046
206 0.000794797
207 0.000791578
208 0.000788387
209 0.000785224
210 0.00078209
211 0.000778983
212 0.000775903
213 0.000772851
214 0.000769825
215 0.000766825
216 0.000763852
217 0.000760903
218 0.00075798
219 0.000755082
220 0.000752208
221 0.000749359
222 0.000746534
223 0.000743732
224 0.000740953
225 0.000738198
226 0.000735465
227 0.000732755
228 0.000730066
229 0.0007274
230 0.000724755
231 0.000722132
232 0.00071953
233 0.000716948
234 0.000714387
235 0.000711847
236 0.000709326
237 0.000706825
238 0.000704344
239 0.000701882
240 0.000699439
241 0.000697016
242 0.00069461
243 0.000692224
244 0.000689855
245 0.000687504
246 0.000685172
247 0.000682857
248 0.000680559
249 0.000678278
250 0.000676015
251 0.000673768
252 0.000671538
253 0.000669324
254 0.000667126
255 0.000664945
256 0.000662779
257 0.000660629
258 0.000658494
259 0.000656375
260 0.000654271
261 0.000652182
262 0.000650108
263 0.000648049
264 0.000646004
265 0.000643973
266 0.000641957
267 0.000639955
268 0.000637966
269 0.000635991
270 0.00063403
271 0.000632083
272 0.000630148
273 0.000628227
274 0.000626319
275 0.000624424
276 0.000622542
277 0.000620672
278 0.000618815
279 0.00061697
280 0.000615137
281 0.000613316
282 0.000611508
283 0.000609711
284 0.000607926
285 0.000606153
286 0.000604391
287 0.000602641
288 0.000600902
289 0.000599174
290 0.000597457
291 0.000595752
292 0.000594057
293 0.000592372
294 0.000590699
295 0.000589036
296 0.000587383
297 0.000585741
298 0.000584109
299 0.000582487
300 0.000580875
301 0.000579273
302 0.000577681
303 0.000576098
304 0.000574526
305 0.000572963
306 0.000571409
307 0.000569865
308 0.00056833
309 0.000566804
310 0.000565287
311 0.00056378
312 0.000562281
313 0.000560792
314 0.000559311
315 0.000557838
316 0.000556375
317 0.00055492
318 0.000553473
319 0.000552035
320 0.000550605
321 0.000549184
322 0.00054777
323 0.000546365
324 0.000544968
325 0.000543579
326 0.000542197
327 0.000540824
328 0.000539458
329 0.0005381
330 0.00053675
331 0.000535407
332 0.000534071
333 0.000532743
334 0.000531423
335 0.000530109
336 0.000528803
337 0.000527504
338 0.000526212
339 0.000524928
340 0.00052365
341 0.000522379
342 0.000521115
343 0.000519858
344 0.000518607
345 0.000517364
346 0.000516127
347 0.000514896
348 0.000513672
349 0.000512455
350 0.000511244
351 0.000510039
352 0.000508841
353 0.000507649
354 0.000506463
355 0.000505284
356 0.00050411
357 0.000502943
358 0.000501781
359 0.000500626
360 0.000499476
361 0.000498333
362 0.000497195
363 0.000496063
364 0.000494937
365 0.000493816
366 0.000492701
367 0.000491592
368 0.000490488
369 0.00048939
370 0.000488297
371 0.00048721
372 0.000486128
373 0.000485051
374 0.00048398
375 0.000482914
376 0.000481853
377 0.000480798
378 0.000479747
379 0.000478702
380 0.000477662
381 0.000476627
382 0.000475596
383 0.000474571
384 0.000473551
385 0.000472535
386 0.000471525
387 0.000470519
388 0.000469518
389 0.000468522
390 0.00046753
391 0.000466543
392 0.000465561
393 0.000464583
394 0.00046361
395 0.000462641
396 0.000461677
397 0.000460718
398 0.000459763
399 0.000458812
400 0.000457865
401 0.000456923
402 0.000455986
403 0.000455052
404 0.000454123
405 0.000453198
406 0.000452277
407 0.000451361
408 0.000450448
409 0.00044954
410 0.000448635
411 0.000447735
412 0.000446839
413 0.000445947
414 0.000445058
415 0.000444174
416 0.000443293
417 0.000442417
418 0.000441544
419 0.000440675
420 0.00043981
421 0.000438948
422 0.000438091
423 0.000437237
424 0.000436387
425 0.00043554
426 0.000434697
427 0.000433858
428 0.000433022
429 0.00043219
430 0.000431362
431 0.000430537
432 0.000429715
433 0.000428897
434 0.000428083
435 0.000427271
436 0.000426464
437 0.000425659
438 0.000424858
439 0.000424061
440 0.000423266
441 0.000422475
442 0.000421687
443 0.000420903
444 0.000420122
445 0.000419344
446 0.000418569
447 0.000417797
448 0.000417029
449 0.000416263
450 0.000415501
451 0.000414742
452 0.000413986
453 0.000413233
454 0.000412483
455 0.000411736
456 0.000410992
457 0.000410251
458 0.000409512
459 0.000408777
460 0.000408045
461 0.000407316
462 0.000406589
463 0.000405866
464 0.000405145
465 0.000404427
466 0.000403712
467 0.000403
468 0.00040229
469 0.000401584
470 0.00040088
471 0.000400178
472 0.00039948
473 0.000398784
474 0.000398091
475 0.0003974
476 0.000396712
477 0.000396027
478 0.000395345
479 0.000394665
480 0.000393987
481 0.000393312
482 0.00039264
483 0.00039197
484 0.000391303
485 0.000390638
486 0.000389976
487 0.000389316
488 0.000388659
489 0.000388004
490 0.000387352
491 0.000386702
492 0.000386054
493 0.000385409
494 0.000384766
495 0.000384126
496 0.000383488
497 0.000382852
498 0.000382218
499 0.000381587
500 0.000380958
501 0.000380332
502 0.000379708
503 0.000379086
504 0.000378466
505 0.000377848
506 0.000377233
507 0.00037662
508 0.000376009
509 0.0003754
510 0.000374794
511 0.000374189
512 0.000373587
513 0.000372987
514 0.000372389
515 0.000371793
516 0.000371199
517 0.000370607
518 0.000370018
519 0.00036943
520 0.000368844
521 0.000368261
522 0.00036768
523 0.0003671
524 0.000366523
525 0.000365947
526 0.000365374
527 0.000364802
528 0.000364233
529 0.000363665
530 0.0003631
531 0.000362536
532 0.000361974
533 0.000361414
534 0.000360856
535 0.0003603
536 0.000359746
537 0.000359194
538 0.000358643
539 0.000358095
540 0.000357548
541 0.000357003
542 0.00035646
543 0.000355918
544 0.000355379
545 0.000354841
546 0.000354305
547 0.000353771
548 0.000353239
549 0.000352708
550 0.000352179
551 0.000351652
552 0.000351127
553 0.000350603
554 0.000350081
555 0.000349561
556 0.000349042
557 0.000348525
558 0.00034801
559 0.000347496
560 0.000346984
561 0.000346474
562 0.000345965
563 0.000345458
564 0.000344953
565 0.000344449
566 0.000343947
567 0.000343446
568 0.000342947
569 0.00034245
570 0.000341954
571 0.00034146
572 0.000340967
573 0.000340476
574 0.000339986
575 0.000339498
576 0.000339012
577 0.000338527
578 0.000338043
579 0.000337561
580 0.000337081
581 0.000336602
582 0.000336124
583 0.000335648
584 0.000335174
585 0.000334701
586 0.000334229
587 0.000333759
588 0.00033329
589 0.000332823
590 0.000332357
591 0.000331892
592 0.000331429
593 0.000330967
594 0.000330507
595 0.000330048
596 0.000329591
597 0.000329135
598 0.00032868
599 0.000328226
600 0.000327774
601 0.000327324
602 0.000326874
603 0.000326426
604 0.00032598
605 0.000325534
606 0.00032509
607 0.000324648
608 0.000324206
609 0.000323766
610 0.000323327
611 0.00032289
612 0.000322454
613 0.000322019
614 0.000321585
615 0.000321153
616 0.000320721
617 0.000320292
618 0.000319863
619 0.000319436
620 0.000319009
621 0.000318584
622 0.000318161
623 0.000317738
624 0.000317317
625 0.000316897
626 0.000316478
627 0.00031606
628 0.000315644
629 0.000315229
630 0.000314814
631 0.000314402
632 0.00031399
633 0.000313579
634 0.00031317
635 0.000312761
636 0.000312354
637 0.000311948
638 0.000311543
639 0.00031114
640 0.000310737
641 0.000310336
642 0.000309935
643 0.000309536
644 0.000309138
645 0.000308741
646 0.000308345
647 0.00030795
648 0.000307556
649 0.000307164
650 0.000306772
651 0.000306382
652 0.000305992
653 0.000305604
654 0.000305216
655 0.00030483
656 0.000304445
657 0.000304061
658 0.000303678
659 0.000303296
660 0.000302915
661 0.000302535
662 0.000302156
663 0.000301778
664 0.000301401
665 0.000301025
666 0.00030065
667 0.000300276
668 0.000299903
669 0.000299531
670 0.00029916
671 0.00029879
672 0.000298421
673 0.000298053
674 0.000297686
675 0.00029732
676 0.000296955
677 0.000296591
678 0.000296227
679 0.000295865
680 0.000295504
681 0.000295143
682 0.000294784
683 0.000294426
684 0.000294068
685 0.000293711
686 0.000293356
687 0.000293001
688 0.000292647
689 0.000292294
690 0.000291942
691 0.000291591
692 0.000291241
693 0.000290891
694 0.000290543
695 0.000290195
696 0.000289849
697 0.000289503
698 0.000289158
699 0.000288814
700 0.000288471
701 0.000288129
702 0.000287787
703 0.000287447
704 0.000287107
705 0.000286768
706 0.00028643
707 0.000286093
708 0.000285757
709 0.000285421
710 0.000285086
711 0.000284753
712 0.00028442
713 0.000284088
714 0.000283756
715 0.000283426
716 0.000283096
717 0.000282767
718 0.000282439
719 0.000282112
720 0.000281786
721 0.00028146
722 0.000281135
723 0.000280811
724 0.000280488
725 0.000280165
726 0.000279844
727 0.000279523
728 0.000279203
729 0.000278883
730 0.000278565
731 0.000278247
732 0.00027793
733 0.000277614
734 0.000277298
735 0.000276983
736 0.000276669
737 0.000276356
738 0.000276044
739 0.000275732
740 0.000275421
741 0.000275111
742 0.000274801
743 0.000274492
744 0.000274184
745 0.000273877
746 0.00027357
747 0.000273265
748 0.000272959
749 0.000272655
750 0.000272351
751 0.000272048
752 0.000271746
753 0.000271444
754 0.000271143
755 0.000270843
756 0.000270544
757 0.000270245
758 0.000269947
759 0.000269649
760 0.000269353
761 0.000269057
762 0.000268761
763 0.000268467
764 0.000268173
765 0.000267879
766 0.000267587
767 0.000267295
768 0.000267003
769 0.000266713
770 0.000266423
771 0.000266134
772 0.000265845
773 0.000265557
774 0.00026527
775 0.000264983
776 0.000264697
777 0.000264411
778 0.000264127
779 0.000263842
780 0.000263559
781 0.000263276
782 0.000262994
783 0.000262712
784 0.000262431
785 0.000262151
786 0.000261871
787 0.000261592
788 0.000261314
789 0.000261036
790 0.000260759
791 0.000260482
792 0.000260206
793 0.000259931
794 0.000259656
795 0.000259382
796 0.000259108
797 0.000258835
798 0.000258563
799 0.000258291
800 0.00025802
801 0.000257749
802 0.000257479
803 0.00025721
804 0.000256941
805 0.000256673
806 0.000256405
807 0.000256138
808 0.000255872
809 0.000255606
810 0.00025534
811 0.000255076
812 0.000254811
813 0.000254548
814 0.000254285
815 0.000254022
816 0.00025376
817 0.000253499
818 0.000253238
819 0.000252978
820 0.000252718
821 0.000252459
822 0.0002522
823 0.000251942
824 0.000251685
825 0.000251428
826 0.000251171
827 0.000250915
828 0.00025066
829 0.000250405
830 0.000250151
831 0.000249897
832 0.000249644
833 0.000249391
834 0.000249139
835 0.000248887
836 0.000248636
837 0.000248385
838 0.000248135
839 0.000247886
840 0.000247637
841 0.000247388
842 0.00024714
843 0.000246892
844 0.000246645
845 0.000246399
846 0.000246153
847 0.000245907
848 0.000245662
849 0.000245418
850 0.000245174
851 0.00024493
852 0.000244687
853 0.000244445
854 0.000244203
855 0.000243961
856 0.00024372
857 0.00024348
858 0.00024324
859 0.000243
860 0.000242761
861 0.000242522
862 0.000242284
863 0.000242047
864 0.000241809
865 0.000241573
866 0.000241336
867 0.000241101
868 0.000240865
869 0.000240631
870 0.000240396
871 0.000240162
872 0.000239929
873 0.000239696
874 0.000239463
875 0.000239231
876 0.000239
877 0.000238769
878 0.000238538
879 0.000238308
880 0.000238078
881 0.000237848
882 0.00023762
883 0.000237391
884 0.000237163
885 0.000236936
886 0.000236708
887 0.000236482
888 0.000236256
889 0.00023603
890 0.000235804
891 0.00023558
892 0.000235355
893 0.000235131
894 0.000234907
895 0.000234684
896 0.000234461
897 0.000234239
898 0.000234017
899 0.000233796
900 0.000233575
901 0.000233354
902 0.000233134
903 0.000232914
904 0.000232695
905 0.000232476
906 0.000232257
907 0.000232039
908 0.000231821
909 0.000231604
910 0.000231387
911 0.00023117
912 0.000230954
913 0.000230739
914 0.000230523
915 0.000230309
916 0.000230094
917 0.00022988
918 0.000229666
919 0.000229453
920 0.00022924
921 0.000229028
922 0.000228816
923 0.000228604
924 0.000228393
925 0.000228182
926 0.000227971
927 0.000227761
928 0.000227551
929 0.000227342
930 0.000227133
931 0.000226924
932 0.000226716
933 0.000226508
934 0.000226301
935 0.000226094
936 0.000225887
937 0.000225681
938 0.000225475
939 0.000225269
940 0.000225064
941 0.000224859
942 0.000224655
943 0.000224451
944 0.000224247
945 0.000224044
946 0.000223841
947 0.000223638
948 0.000223436
949 0.000223234
950 0.000223032
951 0.000222831
952 0.00022263
953 0.00022243
954 0.00022223
955 0.00022203
956 0.000221831
957 0.000221632
958 0.000221433
959 0.000221235
960 0.000221037
961 0.000220839
962 0.000220642
963 0.000220445
964 0.000220248
965 0.000220052
966 0.000219856
967 0.000219661
968 0.000219465
969 0.00021927
970 0.000219076
971 0.000218882
972 0.000218688
973 0.000218494
974 0.000218301
975 0.000218108
976 0.000217916
977 0.000217724
978 0.000217532
979 0.00021734
980 0.000217149
981 0.000216958
982 0.000216768
983 0.000216578
984 0.000216388
985 0.000216198
986 0.000216009
987 0.00021582
988 0.000215632
989 0.000215443
990 0.000215255
991 0.000215068
992 0.00021488
993 0.000214693
994 0.000214507
995 0.000214321
996 0.000214134
997 0.000213949
998 0.000213763
999 0.000213578
1000 0.000213394
1001 0.000213209
1002 0.000213025
1003 0.000212841
1004 0.000212658
1005 0.000212474
1006 0.000212291
1007 0.000212109
1008 0.000211926
1009 0.000211744
1010 0.000211563
1011 0.000211381
1012 0.0002112
1013 0.000211019
1014 0.000210839
1015 0.000210659
1016 0.000210479
1017 0.000210299
1018 0.00021012
1019 0.000209941
1020 0.000209762
1021 0.000209584
1022 0.000209406
1023 0.000209228
1024 0.00020905
1025 0.000208873
1026 0.000208696
1027 0.000208519
1028 0.000208343
1029 0.000208167
1030 0.000207991
1031 0.000207815
1032 0.00020764
1033 0.000207465
1034 0.00020729
1035 0.000207116
1036 0.000206942
1037 0.000206768
1038 0.000206594
1039 0.000206421
1040 0.000206248
1041 0.000206075
1042 0.000205903
1043 0.000205731
1044 0.000205559
1045 0.000205387
1046 0.000205216
1047 0.000205045
1048 0.000204874
1049 0.000204703
1050 0.000204533
1051 0.000204363
1052 0.000204193
1053 0.000204024
1054 0.000203854
1055 0.000203685
1056 0.000203517
1057 0.000203348
1058 0.00020318
1059 0.000203012
1060 0.000202845
1061 0.000202677
1062 0.00020251
1063 0.000202343
1064 0.000202177
1065 0.00020201
1066 0.000201844
1067 0.000201678
1068 0.000201513
1069 0.000201348
1070 0.000201183
1071 0.000201018
1072 0.000200853
1073 0.000200689
1074 0.000200525
1075 0.000200361
1076 0.000200198
1077 0.000200034
1078 0.000199871
1079 0.000199709
1080 0.000199546
1081 0.000199384
1082 0.000199222
1083 0.00019906
1084 0.000198898
1085 0.000198737
1086 0.000198576
1087 0.000198415
1088 0.000198255
1089 0.000198094
1090 0.000197934
1091 0.000197774
1092 0.000197615
1093 0.000197455
1094 0.000197296
1095 0.000197137
1096 0.000196979
1097 0.00019682
1098 0.000196662
1099 0.000196504
1100 0.000196346
1101 0.000196189
1102 0.000196032
1103 0.000195875
1104 0.000195718
1105 0.000195561
1106 0.000195405
1107 0.000195249
1108 0.000195093
1109 0.000194938
1110 0.000194782
1111 0.000194627
1112 0.000194472
1113 0.000194317
1114 0.000194163
1115 0.000194009
1116 0.000193855
1117 0.000193701
1118 0.000193547
1119 0.000193394
1120 0.000193241
1121 0.000193088
1122 0.000192935
1123 0.000192783
1124 0.00019263
1125 0.000192478
1126 0.000192326
1127 0.000192175
1128 0.000192023
1129 0.000191872
1130 0.000191721
1131 0.000191571
1132 0.00019142
1133 0.00019127
1134 0.00019112
1135 0.00019097
1136 0.00019082
1137 0.000190671
1138 0.000190522
1139 0.000190373
1140 0.000190224
1141 0.000190075
1142 0.000189927
1143 0.000189779
1144 0.000189631
1145 0.000189483
1146 0.000189335
1147 0.000189188
1148 0.000189041
1149 0.000188894
1150 0.000188747
1151 0.000188601
1152 0.000188454
1153 0.000188308
1154 0.000188162
1155 0.000188017
1156 0.000187871
1157 0.000187726
1158 0.000187581
1159 0.000187436
1160 0.000187291
1161 0.000187147
1162 0.000187002
1163 0.000186858
1164 0.000186714
1165 0.000186571
1166 0.000186427
1167 0.000186284
1168 0.000186141
1169 0.000185998
1170 0.000185855
1171 0.000185713
1172 0.00018557
1173 0.000185428
1174 0.000185286
1175 0.000185144
1176 0.000185003
1177 0.000184861
1178 0.00018472
1179 0.000184579
1180 0.000184439
1181 0.000184298
1182 0.000184157
1183 0.000184017
1184 0.000183877
1185 0.000183737
1186 0.000183598
1187 0.000183458
1188 0.000183319
1189 0.00018318
1190 0.000183041
1191 0.000182902
1192 0.000182764
1193 0.000182625
1194 0.000182487
1195 0.000182349
1196 0.000182211
1197 0.000182074
1198 0.000181936
1199 0.000181799
1200 0.000181662
1201 0.000181525
1202 0.000181388
1203 0.000181251
1204 0.000181115
1205 0.000180979
1206 0.000180843
1207 0.000180707
1208 0.000180571
1209 0.000180436
1210 0.000180301
1211 0.000180165
1212 0.00018003
1213 0.000179896
1214 0.000179761
1215 0.000179627
1216 0.000179492
1217 0.000179358
1218 0.000179224
1219 0.000179091
1220 0.000178957
1221 0.000178824
1222 0.00017869
1223 0.000178557
1224 0.000178424
1225 0.000178292
1226 0.000178159
1227 0.000178027
1228 0.000177894
1229 0.000177762
1230 0.00017763
1231 0.000177499
1232 0.000177367
1233 0.000177236
1234 0.000177105
1235 0.000176973
1236 0.000176843
1237 0.000176712
1238 0.000176581
1239 0.000176451
1240 0.000176321
1241 0.000176191
1242 0.000176061
1243 0.000175931
1244 0.000175801
1245 0.000175672
1246 0.000175543
1247 0.000175413
1248 0.000175284
1249 0.000175156
1250 0.000175027
1251 0.000174899
1252 0.00017477
1253 0.000174642
1254 0.000174514
1255 0.000174386
1256 0.000174258
1257 0.000174131
1258 0.000174004
1259 0.000173876
1260 0.000173749
1261 0.000173622
1262 0.000173496
1263 0.000173369
1264 0.000173242
1265 0.000173116
1266 0.00017299
1267 0.000172864
1268 0.000172738
1269 0.000172612
1270 0.000172487
1271 0.000172362
1272 0.000172236
1273 0.000172111
1274 0.000171986
1275 0.000171861
1276 0.000171737
1277 0.000171612
1278 0.000171488
1279 0.000171364
1280 0.00017124
1281 0.000171116
1282 0.000170992
1283 0.000170868
1284 0.000170745
1285 0.000170622
1286 0.000170498
1287 0.000170375
1288 0.000170252
1289 0.00017013
1290 0.000170007
1291 0.000169885
1292 0.000169762
1293 0.00016964
1294 0.000169518
1295 0.000169396
1296 0.000169274
1297 0.000169153
1298 0.000169031
1299 0.00016891
1300 0.000168789
1301 0.000168668
1302 0.000168547
1303 0.000168426
1304 0.000168305
1305 0.000168185
1306 0.000168064
1307 0.000167944
1308 0.000167824
1309 0.000167704
1310 0.000167584
1311 0.000167465
1312 0.000167345
1313 0.000167226
1314 0.000167106
1315 0.000166987
1316 0.000166868
1317 0.000166749
1318 0.000166631
1319 0.000166512
1320 0.000166394
1321 0.000166275
1322 0.000166157
1323 0.000166039
1324 0.000165921
1325 0.000165803
1326 0.000165685
1327 0.000165568
1328 0.00016545
1329 0.000165333
1330 0.000165216
1331 0.000165099
1332 0.000164982
1333 0.000164865
1334 0.000164749
1335 0.000164632
1336 0.000164516
1337 0.000164399
1338 0.000164283
1339 0.000164167
1340 0.000164051
1341 0.000163936
1342 0.00016382
1343 0.000163704
1344 0.000163589
1345 0.000163474
1346 0.000163359
1347 0.000163244
1348 0.000163129
1349 0.000163014
1350 0.000162899
1351 0.000162785
1352 0.00016267
1353 0.000162556
1354 0.000162442
1355 0.000162328
1356 0.000162214
1357 0.0001621
1358 0.000161987
1359 0.000161873
1360 0.00016176
1361 0.000161646
1362 0.000161533
1363 0.00016142
1364 0.000161307
1365 0.000161194
1366 0.000161081
1367 0.000160969
1368 0.000160856
1369 0.000160744
1370 0.000160632
1371 0.00016052
1372 0.000160408
1373 0.000160296
1374 0.000160184
1375 0.000160072
1376 0.000159961
1377 0.000159849
1378 0.000159738
1379 0.000159627
1380 0.000159516
1381 0.000159405
1382 0.000159294
1383 0.000159183
1384 0.000159072
1385 0.000158962
1386 0.000158851
1387 0.000158741
1388 0.000158631
1389 0.000158521
1390 0.000158411
1391 0.000158301
1392 0.000158191
1393 0.000158081
1394 0.000157972
1395 0.000157862
1396 0.000157753
1397 0.000157644
1398 0.000157535
1399 0.000157426
1400 0.000157317
1401 0.000157208
1402 0.000157099
1403 0.000156991
1404 0.000156882
1405 0.000156774
1406 0.000156666
1407 0.000156558
1408 0.00015645
1409 0.000156342
1410 0.000156234
1411 0.000156126
1412 0.000156019
1413 0.000155911
1414 0.000155804
1415 0.000155696
1416 0.000155589
1417 0.000155482
1418 0.000155375
1419 0.000155268
1420 0.000155161
1421 0.000155055
1422 0.000154948
1423 0.000154842
1424 0.000154735
1425 0.000154629
1426 0.000154523
1427 0.000154417
1428 0.000154311
1429 0.000154205
1430 0.000154099
1431 0.000153993
1432 0.000153888
1433 0.000153782
1434 0.000153677
1435 0.000153572
1436 0.000153466
1437 0.000153361
1438 0.000153256
1439 0.000153151
1440 0.000153047
1441 0.000152942
1442 0.000152837
1443 0.000152733
1444 0.000152628
1445 0.000152524
1446 0.00015242
1447 0.000152316
1448 0.000152212
1449 0.000152108
1450 0.000152004
1451 0.0001519
1452 0.000151796
1453 0.000151693
1454 0.000151589
1455 0.000151486
1456 0.000151383
1457 0.000151279
1458 0.000151176
1459 0.000151073
1460 0.00015097
1461 0.000150868
1462 0.000150765
1463 0.000150662
1464 0.00015056
1465 0.000150457
1466 0.000150355
1467 0.000150252
1468 0.00015015
1469 0.000150048
1470 0.000149946
1471 0.000149844
1472 0.000149742
1473 0.000149641
1474 0.000149539
1475 0.000149437
1476 0.000149336
1477 0.000149234
1478 0.000149133
1479 0.000149032
1480 0.000148931
1481 0.00014883
1482 0.000148729
1483 0.000148628
1484 0.000148527
1485 0.000148426
1486 0.000148326
1487 0.000148225
1488 0.000148125
1489 0.000148024
1490 0.000147924
1491 0.000147824
1492 0.000147724
1493 0.000147624
1494 0.000147524
1495 0.000147424
1496 0.000147324
1497 0.000147224
1498 0.000147125
1499 0.000147025
1500 0.000146926
1501 0.000146826
1502 0.000146727
1503 0.000146628
1504 0.000146529
1505 0.00014643
1506 0.000146331
1507 0.000146232
1508 0.000146133
1509 0.000146034
1510 0.000145936
1511 0.000145837
1512 0.000145738
1513 0.00014564
1514 0.000145542
1515 0.000145443
1516 0.000145345
1517 0.000145247
1518 0.000145149
1519 0.000145051
1520 0.000144953
1521 0.000144855
1522 0.000144758
1523 0.00014466
1524 0.000144562
1525 0.000144465
1526 0.000144368
1527 0.00014427
1528 0.000144173
1529 0.000144076
1530 0.000143979
1531 0.000143881
1532 0.000143785
1533 0.000143688
1534 0.000143591
1535 0.000143494
1536 0.000143397
1537 0.000143301
1538 0.000143204
1539 0.000143108
1540 0.000143011
1541 0.000142915
1542 0.000142819
1543 0.000142723
1544 0.000142626
1545 0.00014253
1546 0.000142434
1547 0.000142339
1548 0.000142243
1549 0.000142147
1550 0.000142051
1551 0.000141956
1552 0.00014186
1553 0.000141765
1554 0.000141669
1555 0.000141574
1556 0.000141479
1557 0.000141383
1558 0.000141288
1559 0.000141193
1560 0.000141098
1561 0.000141003
1562 0.000140908
1563 0.000140814
1564 0.000140719
1565 0.000140624
1566 0.00014053
1567 0.000140435
1568 0.000140341
1569 0.000140246
1570 0.000140152
1571 0.000140058
1572 0.000139963
1573 0.000139869
1574 0.000139775
1575 0.000139681
1576 0.000139587
1577 0.000139493
1578 0.000139399
1579 0.000139306
1580 0.000139212
1581 0.000139118
1582 0.000139025
1583 0.000138931
1584 0.000138838
1585 0.000138744
1586 0.000138651
1587 0.000138558
1588 0.000138465
1589 0.000138371
1590 0.000138278
1591 0.000138185
1592 0.000138092
1593 0.000138
1594 0.000137907
1595 0.000137814
1596 0.000137721
1597 0.000137629
1598 0.000137536
1599 0.000137443
1600 0.000137351
1601 0.000137258
1602 0.000137166
1603 0.000137074
1604 0.000136982
1605 0.000136889
1606 0.000136797
1607 0.000136705
1608 0.000136613
1609 0.000136521
1610 0.000136429
1611 0.000136337
1612 0.000136246
1613 0.000136154
1614 0.000136062
1615 0.00013597
1616 0.000135879
1617 0.000135787
1618 0.000135696
1619 0.000135604
1620 0.000135513
1621 0.000135422
1622 0.000135331
1623 0.000135239
1624 0.000135148
1625 0.000135057
1626 0.000134966
1627 0.000134875
1628 0.000134784
1629 0.000134693
1630 0.000134602
1631 0.000134512
1632 0.000134421
1633 0.00013433
1634 0.00013424
1635 0.000134149
1636 0.000134058
1637 0.000133968
1638 0.000133878
1639 0.000133787
1640 0.000133697
1641 0.000133607
1642 0.000133516
1643 0.000133426
1644 0.000133336
1645 0.000133246
1646 0.000133156
1647 0.000133066
1648 0.000132976
1649 0.000132886
1650 0.000132796
1651 0.000132707
1652 0.000132617
1653 0.000132527
1654 0.000132437
1655 0.000132348
1656 0.000132258
1657 0.000132169
1658 0.000132079
1659 0.00013199
1660 0.0001319
1661 0.000131811
1662 0.000131722
1663 0.000131633
1664 0.000131543
1665 0.000131454
1666 0.000131365
1667 0.000131276
1668 0.000131187
1669 0.000131098
1670 0.000131009
1671 0.00013092
1672 0.000130831
1673 0.000130743
1674 0.000130654
1675 0.000130565
1676 0.000130476
1677 0.000130388
1678 0.000130299
1679 0.000130211
1680 0.000130122
1681 0.000130034
1682 0.000129945
1683 0.000129857
1684 0.000129768
1685 0.00012968
1686 0.000129592
1687 0.000129504
1688 0.000129415
1689 0.000129327
1690 0.000129239
1691 0.000129151
1692 0.000129063
1693 0.000128975
1694 0.000128887
1695 0.000128799
1696 0.000128711
1697 0.000128623
1698 0.000128536
1699 0.000128448
1700 0.00012836
1701 0.000128272
1702 0.000128185
1703 0.000128097
1704 0.00012801
1705 0.000127922
1706 0.000127834
1707 0.000127747
1708 0.000127659
1709 0.000127572
1710 0.000127485
1711 0.000127397
1712 0.00012731
1713 0.000127223
1714 0.000127135
1715 0.000127048
1716 0.000126961
1717 0.000126874
1718 0.000126787
1719 0.0001267
1720 0.000126613
1721 0.000126526
1722 0.000126439
1723 0.000126352
1724 0.000126265
1725 0.000126178
1726 0.000126091
1727 0.000126004
1728 0.000125917
1729 0.000125831
1730 0.000125744
1731 0.000125657
1732 0.00012557
1733 0.000125484
1734 0.000125397
1735 0.000125311
1736 0.000125224
1737 0.000125137
1738 0.000125051
1739 0.000124964
1740 0.000124878
1741 0.000124792
1742 0.000124705
1743 0.000124619
1744 0.000124532
1745 0.000124446
1746 0.00012436
1747 0.000124274
1748 0.000124187
1749 0.000124101
1750 0.000124015
1751 0.000123929
1752 0.000123843
1753 0.000123757
1754 0.00012367
1755 0.000123584
1756 0.000123498
1757 0.000123412
1758 0.000123326
1759 0.00012324
1760 0.000123154
1761 0.000123068
1762 0.000122983
1763 0.000122897
1764 0.000122811
1765 0.000122725
1766 0.000122639
1767 0.000122553
1768 0.000122468
1769 0.000122382
1770 0.000122296
1771 0.00012221
1772 0.000122125
1773 0.000122039
1774 0.000121953
1775 0.000121868
1776 0.000121782
1777 0.000121697
1778 0.000121611
1779 0.000121526
1780 0.00012144
1781 0.000121355
1782 0.000121269
1783 0.000121184
1784 0.000121098
1785 0.000121013
1786 0.000120927
1787 0.000120842
1788 0.000120756
1789 0.000120671
1790 0.000120586
1791 0.0001205
1792 0.000120415
1793 0.00012033
1794 0.000120245
1795 0.000120159
1796 0.000120074
1797 0.000119989
1798 0.000119904
1799 0.000119818
1800 0.000119733
1801 0.000119648
1802 0.000119563
1803 0.000119478
1804 0.000119392
1805 0.000119307
1806 0.000119222
1807 0.000119137
1808 0.000119052
1809 0.000118967
1810 0.000118882
1811 0.000118797
1812 0.000118712
1813 0.000118627
1814 0.000118542
1815 0.000118457
1816 0.000118372
1817 0.000118287
1818 0.000118202
1819 0.000118117
1820 0.000118032
1821 0.000117947
1822 0.000117862
1823 0.000117777
1824 0.000117692
1825 0.000117607
1826 0.000117522
1827 0.000117437
1828 0.000117352
1829 0.000117267
1830 0.000117182
1831 0.000117098
1832 0.000117013
1833 0.000116928
1834 0.000116843
1835 0.000116758
1836 0.000116673
1837 0.000116588
1838 0.000116504
1839 0.000116419
1840 0.000116334
1841 0.000116249
1842 0.000116164
1843 0.000116079
1844 0.000115995
1845 0.00011591
1846 0.000115825
1847 0.00011574
1848 0.000115655
1849 0.000115571
1850 0.000115486
1851 0.000115401
1852 0.000115316
1853 0.000115231
1854 0.000115147
1855 0.000115062
1856 0.000114977
1857 0.000114892
1858 0.000114807
1859 0.000114723
1860 0.000114638
1861 0.000114553
1862 0.000114468
1863 0.000114384
1864 0.000114299
1865 0.000114214
1866 0.000114129
1867 0.000114044
1868 0.000113959
1869 0.000113875
1870 0.00011379
1871 0.000113705
1872 0.00011362
1873 0.000113535
1874 0.000113451
1875 0.000113366
1876 0.000113281
1877 0.000113196
1878 0.000113111
1879 0.000113026
1880 0.000112942
1881 0.000112857
1882 0.000112772
1883 0.000112687
1884 0.000112602
1885 0.000112517
1886 0.000112432
1887 0.000112347
1888 0.000112262
1889 0.000112178
1890 0.000112093
1891 0.000112008
1892 0.000111923
1893 0.000111838
1894 0.000111753
1895 0.000111668
1896 0.000111583
1897 0.000111498
1898 0.000111413
1899 0.000111328
1900 0.000111243
1901 0.000111158
1902 0.000111073
1903 0.000110988
1904 0.000110903
1905 0.000110817
1906 0.000110732
1907 0.000110647
1908 0.000110562
1909 0.000110477
1910 0.000110392
1911 0.000110307
1912 0.000110221
1913 0.000110136
1914 0.000110051
1915 0.000109966
1916 0.000109881
1917 0.000109795
1918 0.00010971
1919 0.000109625
1920 0.000109539
1921 0.000109454
1922 0.000109369
1923 0.000109283
1924 0.000109198
1925 0.000109113
1926 0.000109027
1927 0.000108942
1928 0.000108856
1929 0.000108771
1930 0.000108685
1931 0.0001086
1932 0.000108514
1933 0.000108429
1934 0.000108343
1935 0.000108258
1936 0.000108172
1937 0.000108086
1938 0.000108001
1939 0.000107915
1940 0.000107829
1941 0.000107744
1942 0.000107658
1943 0.000107572
1944 0.000107486
1945 0.000107401
1946 0.000107315
1947 0.000107229
1948 0.000107143
1949 0.000107057
1950 0.000106971
1951 0.000106885
1952 0.000106799
1953 0.000106713
1954 0.000106627
1955 0.000106541
1956 0.000106455
1957 0.000106369
1958 0.000106283
1959 0.000106197
1960 0.00010611
1961 0.000106024
1962 0.000105938
1963 0.000105852
1964 0.000105765
1965 0.000105679
1966 0.000105592
1967 0.000105506
1968 0.00010542
1969 0.000105333
1970 0.000105247
1971 0.00010516
1972 0.000105074
1973 0.000104987
1974 0.0001049
1975 0.000104814
1976 0.000104727
1977 0.00010464
1978 0.000104553
1979 0.000104467
1980 0.00010438
1981 0.000104293
1982 0.000104206
1983 0.000104119
1984 0.000104032
1985 0.000103945
1986 0.000103858
1987 0.000103771
1988 0.000103684
1989 0.000103597
1990 0.000103509
1991 0.000103422
1992 0.000103335
1993 0.000103247
1994 0.00010316
1995 0.000103073
1996 0.000102985
1997 0.000102898
1998 0.00010281
1999 0.000102723
2000 0.000102635
2001 0.000102547
2002 0.00010246
2003 0.000102372
2004 0.000102284
2005 0.000102196
2006 0.000102109
2007 0.000102021
2008 0.000101933
2009 0.000101845
2010 0.000101757
2011 0.000101669
2012 0.000101581
2013 0.000101492
2014 0.000101404
2015 0.000101316
2016 0.000101228
2017 0.000101139
2018 0.000101051
2019 0.000100962
2020 0.000100874
2021 0.000100785
2022 0.000100697
2023 0.000100608
2024 0.000100519
2025 0.000100431
2026 0.000100342
2027 0.000100253
2028 0.000100164
2029 0.000100075
2030 9.99861e-05
2031 9.98971e-05
2032 9.9808e-05
2033 9.97188e-05
2034 9.96296e-05
2035 9.95403e-05
2036 9.9451e-05
2037 9.93616e-05
2038 9.92722e-05
2039 9.91827e-05
2040 9.90932e-05
2041 9.90036e-05
2042 9.89139e-05
2043 9.88242e-05
2044 9.87344e-05
2045 9.86446e-05
2046 9.85547e-05
2047 9.84648e-05
2048 9.83748e-05
2049 9.82847e-05
2050 9.81946e-05
2051 9.81045e-05
2052 9.80142e-05
2053 9.79239e-05
2054 9.78336e-05
2055 9.77431e-05
2056 9.76527e-05
2057 9.75621e-05
2058 9.74715e-05
2059 9.73809e-05
2060 9.72901e-05
2061 9.71993e-05
2062 9.71085e-05
2063 9.70176e-05
2064 9.69266e-05
2065 9.68355e-05
2066 9.67444e-05
2067 9.66532e-05
2068 9.6562e-05
2069 9.64707e-05
2070 9.63793e-05
2071 9.62878e-05
2072 9.61963e-05
2073 9.61047e-05
2074 9.60131e-05
2075 9.59213e-05
2076 9.58295e-05
2077 9.57377e-05
2078 9.56457e-05
2079 9.55537e-05
2080 9.54617e-05
2081 9.53695e-05
2082 9.52773e-05
2083 9.5185e-05
2084 9.50926e-05
2085 9.50002e-05
2086 9.49077e-05
2087 9.48151e-05
2088 9.47224e-05
2089 9.46297e-05
2090 9.45369e-05
2091 9.4444e-05
2092 9.4351e-05
2093 9.4258e-05
2094 9.41649e-05
2095 9.40717e-05
2096 9.39784e-05
2097 9.38851e-05
2098 9.37916e-05
2099 9.36981e-05
2100 9.36045e-05
2101 9.35109e-05
2102 9.34171e-05
2103 9.33233e-05
2104 9.32294e-05
2105 9.31354e-05
2106 9.30413e-05
2107 9.29471e-05
2108 9.28529e-05
2109 9.27585e-05
2110 9.26641e-05
2111 9.25696e-05
2112 9.24751e-05
2113 9.23804e-05
2114 9.22856e-05
2115 9.21908e-05
2116 9.20959e-05
2117 9.20009e-05
2118 9.19057e-05
2119 9.18106e-05
2120 9.17153e-05
2121 9.16199e-05
2122 9.15244e-05
2123 9.14289e-05
2124 9.13333e-05
2125 9.12375e-05
2126 9.11417e-05
2127 9.10458e-05
2128 9.09498e-05
2129 9.08537e-05
2130 9.07575e-05
2131 9.06612e-05
2132 9.05648e-05
2133 9.04683e-05
2134 9.03718e-05
2135 9.02751e-05
2136 9.01783e-05
2137 9.00815e-05
2138 8.99845e-05
2139 8.98874e-05
2140 8.97903e-05
2141 8.9693e-05
2142 8.95957e-05
2143 8.94982e-05
2144 8.94007e-05
2145 8.9303e-05
2146 8.92053e-05
2147 8.91074e-05
2148 8.90094e-05
2149 8.89114e-05
2150 8.88132e-05
2151 8.87149e-05
2152 8.86165e-05
2153 8.85181e-05
2154 8.84195e-05
2155 8.83208e-05
2156 8.8222e-05
2157 8.81231e-05
2158 8.80241e-05
2159 8.79249e-05
2160 8.78257e-05
2161 8.77264e-05
2162 8.76269e-05
2163 8.75273e-05
2164 8.74277e-05
2165 8.73279e-05
2166 8.7228e-05
2167 8.7128e-05
2168 8.70279e-05
2169 8.69276e-05
2170 8.68273e-05
2171 8.67268e-05
2172 8.66262e-05
2173 8.65255e-05
2174 8.64247e-05
2175 8.63238e-05
2176 8.62228e-05
2177 8.61216e-05
2178 8.60203e-05
2179 8.59189e-05
2180 8.58174e-05
2181 8.57158e-05
2182 8.5614e-05
2183 8.55121e-05
2184 8.54101e-05
2185 8.5308e-05
2186 8.52058e-05
2187 8.51034e-05
2188 8.50009e-05
2189 8.48983e-05
2190 8.47955e-05
2191 8.46927e-05
2192 8.45897e-05
2193 8.44865e-05
2194 8.43833e-05
2195 8.42799e-05
2196 8.41764e-05
2197 8.40728e-05
2198 8.3969e-05
2199 8.38651e-05
2200 8.37611e-05
2201 8.36569e-05
2202 8.35526e-05
2203 8.34482e-05
2204 8.33436e-05
2205 8.32389e-05
2206 8.31341e-05
2207 8.30291e-05
2208 8.2924e-05
2209 8.28188e-05
2210 8.27134e-05
2211 8.26079e-05
2212 8.25023e-05
2213 8.23965e-05
2214 8.22906e-05
2215 8.21845e-05
2216 8.20783e-05
2217 8.19719e-05
2218 8.18654e-05
2219 8.17588e-05
2220 8.1652e-05
2221 8.15451e-05
2222 8.1438e-05
2223 8.13308e-05
2224 8.12235e-05
2225 8.1116e-05
2226 8.10083e-05
2227 8.09005e-05
2228 8.07926e-05
2229 8.06845e-05
2230 8.05762e-05
2231 8.04678e-05
2232 8.03593e-05
2233 8.02506e-05
2234 8.01417e-05
2235 8.00327e-05
2236 7.99235e-05
2237 7.98142e-05
2238 7.97047e-05
2239 7.95951e-05
2240 7.94853e-05
2241 7.93754e-05
2242 7.92653e-05
2243 7.9155e-05
2244 7.90446e-05
2245 7.89341e-05
2246 7.88233e-05
2247 7.87124e-05
2248 7.86014e-05
2249 7.84901e-05
2250 7.83787e-05
2251 7.82672e-05
2252 7.81555e-05
2253 7.80436e-05
2254 7.79316e-05
2255 7.78193e-05
2256 7.7707e-05
2257 7.75944e-05
2258 7.74817e-05
2259 7.73688e-05
2260 7.72557e-05
2261 7.71425e-05
2262 7.70291e-05
2263 7.69155e-05
2264 7.68018e-05
2265 7.66879e-05
2266 7.65738e-05
2267 7.64595e-05
2268 7.6345e-05
2269 7.62304e-05
2270 7.61156e-05
2271 7.60006e-05
2272 7.58855e-05
2273 7.57701e-05
2274 7.56546e-05
2275 7.55389e-05
2276 7.5423e-05
2277 7.53069e-05
2278 7.51907e-05
2279 7.50742e-05
2280 7.49576e-05
2281 7.48408e-05
2282 7.47238e-05
2283 7.46066e-05
2284 7.44892e-05
2285 7.43716e-05
2286 7.42539e-05
2287 7.41359e-05
2288 7.40178e-05
2289 7.38995e-05
2290 7.37809e-05
2291 7.36622e-05
2292 7.35433e-05
2293 7.34242e-05
2294 7.33049e-05
2295 7.31854e-05
2296 7.30657e-05
2297 7.29458e-05
2298 7.28257e-05
2299 7.27054e-05
2300 7.25849e-05
2301 7.24642e-05
2302 7.23432e-05
2303 7.22221e-05
2304 7.21008e-05
2305 7.19793e-05
2306 7.18576e-05
2307 7.17356e-05
2308 7.16135e-05
2309 7.14911e-05
2310 7.13685e-05
2311 7.12458e-05
2312 7.11228e-05
2313 7.09996e-05
2314 7.08761e-05
2315 7.07525e-05
2316 7.06287e-05
2317 7.05046e-05
2318 7.03803e-05
2319 7.02558e-05
2320 7.01311e-05
2321 7.00062e-05
2322 6.9881e-05
2323 6.97556e-05
2324 6.963e-05
2325 6.95042e-05
2326 6.93782e-05
2327 6.92519e-05
2328 6.91254e-05
2329 6.89987e-05
2330 6.88717e-05
2331 6.87445e-05
2332 6.86171e-05
2333 6.84895e-05
2334 6.83616e-05
2335 6.82335e-05
2336 6.81051e-05
2337 6.79766e-05
2338 6.78478e-05
2339 6.77187e-05
2340 6.75894e-05
2341 6.74599e-05
2342 6.73301e-05
2343 6.72001e-05
2344 6.70699e-05
2345 6.69394e-05
2346 6.68087e-05
2347 6.66777e-05
2348 6.65465e-05
2349 6.6415e-05
2350 6.62833e-05
2351 6.61514e-05
2352 6.60192e-05
2353 6.58867e-05
2354 6.5754e-05
2355 6.5621e-05
2356 6.54878e-05
2357 6.53544e-05
2358 6.52206e-05
2359 6.50866e-05
2360 6.49524e-05
2361 6.48179e-05
2362 6.46832e-05
2363 6.45482e-05
2364 6.44129e-05
2365 6.42773e-05
2366 6.41415e-05
2367 6.40055e-05
2368 6.38692e-05
2369 6.37326e-05
2370 6.35957e-05
2371 6.34586e-05
2372 6.33212e-05
2373 6.31835e-05
2374 6.30456e-05
2375 6.29073e-05
2376 6.27688e-05
2377 6.26301e-05
2378 6.2491e-05
2379 6.23517e-05
2380 6.22121e-05
2381 6.20722e-05
2382 6.19321e-05
2383 6.17917e-05
2384 6.16509e-05
2385 6.15099e-05
2386 6.13686e-05
2387 6.12271e-05
2388 6.10852e-05
2389 6.09431e-05
2390 6.08006e-05
2391 6.06579e-05
2392 6.05149e-05
2393 6.03715e-05
2394 6.02279e-05
2395 6.0084e-05
2396 5.99398e-05
2397 5.97953e-05
2398 5.96505e-05
2399 5.95054e-05
2400 5.936e-05
2401 5.92143e-05
2402 5.90683e-05
2403 5.8922e-05
2404 5.87754e-05
2405 5.86285e-05
2406 5.84813e-05
2407 5.83337e-05
2408 5.81859e-05
2409 5.80377e-05
2410 5.78892e-05
2411 5.77404e-05
2412 5.75913e-05
2413 5.74419e-05
2414 5.72922e-05
2415 5.71421e-05
2416 5.69917e-05
2417 5.6841e-05
2418 5.669e-05
2419 5.65387e-05
2420 5.6387e-05
2421 5.6235e-05
2422 5.60827e-05
2423 5.593e-05
2424 5.5777e-05
2425 5.56237e-05
2426 5.54701e-05
2427 5.53161e-05
2428 5.51617e-05
2429 5.50071e-05
2430 5.48521e-05
2431 5.46967e-05
2432 5.45411e-05
2433 5.4385e-05
2434 5.42287e-05
2435 5.4072e-05
2436 5.39149e-05
2437 5.37575e-05
2438 5.35997e-05
2439 5.34416e-05
2440 5.32832e-05
2441 5.31244e-05
2442 5.29652e-05
2443 5.28057e-05
2444 5.26458e-05
2445 5.24856e-05
2446 5.2325e-05
2447 5.2164e-05
2448 5.20027e-05
2449 5.1841e-05
2450 5.16789e-05
2451 5.15165e-05
2452 5.13537e-05
2453 5.11906e-05
2454 5.1027e-05
2455 5.08631e-05
2456 5.06989e-05
2457 5.05342e-05
2458 5.03692e-05
2459 5.02038e-05
2460 5.0038e-05
2461 4.98718e-05
2462 4.97052e-05
2463 4.95383e-05
2464 4.9371e-05
2465 4.92033e-05
2466 4.90352e-05
2467 4.88667e-05
2468 4.86978e-05
2469 4.85285e-05
2470 4.83588e-05
2471 4.81887e-05
2472 4.80183e-05
2473 4.78474e-05
2474 4.76761e-05
2475 4.75045e-05
2476 4.73324e-05
2477 4.71599e-05
2478 4.6987e-05
2479 4.68137e-05
2480 4.664e-05
2481 4.64659e-05
2482 4.62913e-05
2483 4.61164e-05
2484 4.5941e-05
2485 4.57652e-05
2486 4.5589e-05
2487 4.54124e-05
2488 4.52353e-05
2489 4.50578e-05
2490 4.48799e-05
2491 4.47016e-05
2492 4.45228e-05
2493 4.43436e-05
2494 4.4164e-05
2495 4.39839e-05
2496 4.38034e-05
2497 4.36225e-05
2498 4.34411e-05
2499 4.32592e-05
2500 4.3077e-05
2501 4.28943e-05
2502 4.27111e-05
2503 4.25275e-05
2504 4.23434e-05
2505 4.21589e-05
2506 4.19739e-05
2507 4.17885e-05
2508 4.16026e-05
2509 4.14163e-05
2510 4.12295e-05
2511 4.10422e-05
2512 4.08545e-05
2513 4.06663e-05
2514 4.04776e-05
2515 4.02885e-05
2516 4.00989e-05
2517 3.99088e-05
2518 3.97182e-05
2519 3.95272e-05
2520 3.93357e-05
2521 3.91437e-05
2522 3.89512e-05
2523 3.87583e-05
2524 3.85648e-05
2525 3.83709e-05
2526 3.81765e-05
2527 3.79815e-05
2528 3.77861e-05
2529 3.75902e-05
2530 3.73938e-05
2531 3.71969e-05
2532 3.69995e-05
2533 3.68016e-05
2534 3.66032e-05
2535 3.64042e-05
2536 3.62048e-05
2537 3.60049e-05
2538 3.58044e-05
2539 3.56034e-05
2540 3.54019e-05
2541 3.51999e-05
2542 3.49974e-05
2543 3.47943e-05
2544 3.45907e-05
2545 3.43866e-05
2546 3.4182e-05
2547 3.39768e-05
2548 3.37711e-05
2549 3.35649e-05
2550 3.33581e-05
2551 3.31508e-05
2552 3.29429e-05
2553 3.27345e-05
2554 3.25256e-05
2555 3.23161e-05
2556 3.2106e-05
2557 3.18954e-05
2558 3.16843e-05
2559 3.14726e-05
2560 3.12603e-05
2561 3.10474e-05
2562 3.08341e-05
2563 3.06201e-05
2564 3.04056e-05
2565 3.01905e-05
2566 2.99748e-05
2567 2.97586e-05
2568 2.95417e-05
2569 2.93243e-05
2570 2.91064e-05
2571 2.88878e-05
2572 2.86687e-05
2573 2.84489e-05
2574 2.82286e-05
2575 2.80077e-05
2576 2.77862e-05
2577 2.75641e-05
2578 2.73414e-05
2579 2.71181e-05
2580 2.68942e-05
2581 2.66697e-05
2582 2.64445e-05
2583 2.62188e-05
2584 2.59925e-05
2585 2.57655e-05
2586 2.55379e-05
2587 2.53097e-05
2588 2.50809e-05
2589 2.48515e-05
2590 2.46214e-05
2591 2.43907e-05
2592 2.41594e-05
2593 2.39274e-05
2594 2.36948e-05
2595 2.34616e-05
2596 2.32277e-05
2597 2.29932e-05
2598 2.2758e-05
2599 2.25222e-05
2600 2.22857e-05
2601 2.20486e-05
2602 2.18108e-05
2603 2.15723e-05
2604 2.13332e-05
2605 2.10935e-05
2606 2.0853e-05
2607 2.06119e-05
2608 2.03702e-05
2609 2.01277e-05
2610 1.98846e-05
2611 1.96408e-05
2612 1.93963e-05
2613 1.91511e-05
2614 1.89053e-05
2615 1.86587e-05
2616 1.84115e-05
2617 1.81635e-05
2618 1.79149e-05
2619 1.76655e-05
2620 1.74155e-05
2621 1.71648e-05
2622 1.69133e-05
2623 1.66611e-05
2624 1.64082e-05
2625 1.61546e-05
2626 1.59003e-05
2627 1.56453e-05
2628 1.53895e-05
2629 1.5133e-05
2630 1.48758e-05
2631 1.46178e-05
2632 1.43591e-05
2633 1.40997e-05
2634 1.38395e-05
2635 1.35786e-05
2636 1.33169e-05
2637 1.30545e-05
2638 1.27913e-05
2639 1.25274e-05
2640 1.22627e-05
2641 1.19972e-05
2642 1.1731e-05
2643 1.1464e-05
2644 1.11963e-05
2645 1.09277e-05
2646 1.06584e-05
2647 1.03883e-05
2648 1.01174e-05
2649 9.84576e-06
2650 9.5733e-06
2651 9.30005e-06
2652 9.02601e-06
2653 8.75117e-06
2654 8.47552e-06
2655 8.19907e-06
2656 7.92181e-06
2657 7.64374e-06
2658 7.36486e-06
2659 7.08516e-06
2660 6.80464e-06
2661 6.52329e-06
2662 6.24112e-06
2663 5.95812e-06
2664 5.67428e-06
2665 5.38961e-06
2666 5.1041e-06
2667 4.81775e-06
2668 4.53054e-06
2669 4.24249e-06
2670 3.95359e-06
2671 3.66383e-06
2672 3.37321e-06
2673 3.08173e-06
2674 2.78938e-06
2675 2.49616e-06
2676 2.20207e-06
2677 1.9071e-06
2678 1.61125e-06
2679 1.31452e-06
2680 1.01691e-06
2681 7.18399e-07
2682 4.18999e-07
2683 1.18702e-07
2684 0
2685 0
2686 0
2687 0
2688 0
2689 0
2690 0
2691 0
2692 0
2693 0
2694 0
2695 0
2696 0
2697 0
2698 0
2699 0
2700 0
2701 0
2702 0
2703 0
2704 0
2705 0
2706 0
2707 0
2708 0
2709 0
2710 0
2711 0
2712 0
2713 0
2714 0
2715 0
2716 0
2717 0
2718 0
2719 0
2720 0
2721 0
2722 0
2723 0
2724 0
2725 0
2726 0
2727 0
2728 0
2729 0
2730 0
2731 0
2732 0
2733 0
2734 0
2735 0
2736 0
2737 0
2738 0
2739 0
2740 0
2741 0
2742 0
2743 0
2744 0
2745 0
2746 0
2747 0
2748 0
2749 0
2750 0
2751 0
2752 0
2753 0
2754 0
2755 0
2756 0
2757 0
2758 0
2759 0
2760 0
2761 0
2762 0
2763 0
2764 0
2765 0
2766 0
2767 0
2768 0
2769 0
2770 0
2771 0
2772 0
2773 0
2774 0
2775 0
2776 0
2777 0
2778 0
2779 0
2780 0
2781 0
2782 0
2783 0
2784 0
2785 0
2786 0
2787 0
2788 0
2789 0
2790 0
2791 0
2792 0
2793 0
2794 0
2795 0
2796 0
2797 0
2798 0
2799 0
2800 0
2801 0
2802 0
2803 0
2804 0
2805 0
2806 0
2807 0
2808 0
2809 0
2810 0
2811 0
2812 0
2813 0
2814 0
2815 0
2816 0
2817 0
2818 0
2819 0
2820 0
2821 0
2822 0
2823 0
2824 0
2825 0
2826 0
2827 0
2828 0
2829 0
2830 0
2831 0
2832 0
2833 0
2834 0
2835 0
2836 0
2837 0
2838 0
2839 0
2840 0
2841 0
2842 0
2843 0
2844 0
2845 0
2846 0
2847 0
2848 0
2849 0
2850 0
2851 0
2852 0
2853 0
2854 0
2855 0
2856 0
2857 0
2858 0
2859 0
2860 0
2861 0
2862 0
2863 0
2864 0
2865 0
2866 0
2867 0
2868 0
2869 0
2870 0
2871 0
2872 0
2873 0
2874 0
2875 0
2876 0
2877 0
2878 0
2879 0
2880 0
2881 0
2882 0
2883 0
2884 0
2885 0
2886 0
2887 0
2888 0
2889 0
2890 0
2891 0
2892 0
2893 0
2894 0
2895 0
2896 0
2897 0
2898 0
2899 0
2900 0
2901 0
2902 0
2903 0
2904 0
2905 0
2906 0
2907 0
2908 0
2909 0
2910 0
2911 0
2912 0
2913 0
2914 0
2915 0
2916 0
2917 0
2918 0
2919 0
2920 0
2921 0
2922 0
2923 0
2924 0
2925 0
2926 0
2927 0
2928 0
2929 0
2930 0
2931 0
2932 0
2933 0
2934 0
2935 0
2936 0
2937 0
2938 0
2939 0
2940 0
2941 0
2942 0
2943 0
2944 0
2945 0
2946 0
2947 0
2948 0
2949 0
2950 0
2951 0
2952 0
2953 0
2954 0
2955 0
2956 0
2957 0
2958 0
2959 0
2960 0
2961 0
2962 0
2963 0
2964 0
2965 0
2966 0
2967 0
2968 0
2969 0
2970 0
2971 0
2972 0
2973 0
2974 0
2975 0
2976 0
2977 0
2978 0
2979 0
2980 0
2981 0
2982 0
2983 0
2984 0
2985 0
2986 0
2987 0
2988 0
2989 0
2990 0
2991 0
2992 0
2993 0
2994 0
2995 0
2996 0
2997 0
2998 0
2999 0
